10000 100
0 1
1 2
2 3
3 4
4 5
5 6
6 7
7 8
8 9
9 10
10 11
11 12
12 13
13 14
14 15
15 16
16 17
17 18
18 19
19 20
20 21
21 22
22 23
23 24
24 25
25 26
26 27
27 28
28 29
29 30
30 31
31 32
32 33
33 34
34 35
35 36
36 37
37 38
38 39
39 40
40 41
41 42
42 43
43 44
44 45
45 46
46 47
47 48
48 49
49 50
50 51
51 52
52 53
53 54
54 55
55 56
56 57
57 58
58 59
59 60
60 61
61 62
62 63
63 64
64 65
65 66
66 67
67 68
68 69
69 70
70 71
71 72
72 73
73 74
74 75
75 76
76 77
77 78
78 79
79 80
80 81
81 82
82 83
83 84
84 85
85 86
86 87
87 88
88 89
89 90
90 91
91 92
92 93
93 94
94 95
95 96
96 97
97 98
98 99
99 100
100 101
101 102
102 103
103 104
104 105
105 106
106 107
107 108
108 109
109 110
110 111
111 112
112 113
113 114
114 115
115 116
116 117
117 118
118 119
119 120
120 121
121 122
122 123
123 124
124 125
125 126
126 127
127 128
128 129
129 130
130 131
131 132
132 133
133 134
134 135
135 136
136 137
137 138
138 139
139 140
140 141
141 142
142 143
143 144
144 145
145 146
146 147
147 148
148 149
149 150
150 151
151 152
152 153
153 154
154 155
155 156
156 157
157 158
158 159
159 160
160 161
161 162
162 163
163 164
164 165
165 166
166 167
167 168
168 169
169 170
170 171
171 172
172 173
173 174
174 175
175 176
176 177
177 178
178 179
179 180
180 181
181 182
182 183
183 184
184 185
185 186
186 187
187 188
188 189
189 190
190 191
191 192
192 193
193 194
194 195
195 196
196 197
197 198
198 199
199 200
200 201
201 202
202 203
203 204
204 205
205 206
206 207
207 208
208 209
209 210
210 211
211 212
212 213
213 214
214 215
215 216
216 217
217 218
218 219
219 220
220 221
221 222
222 223
223 224
224 225
225 226
226 227
227 228
228 229
229 230
230 231
231 232
232 233
233 234
234 235
235 236
236 237
237 238
238 239
239 240
240 241
241 242
242 243
243 244
244 245
245 246
246 247
247 248
248 249
249 250
250 251
251 252
252 253
253 254
254 255
255 256
256 257
257 258
258 259
259 260
260 261
261 262
262 263
263 264
264 265
265 266
266 267
267 268
268 269
269 270
270 271
271 272
272 273
273 274
274 275
275 276
276 277
277 278
278 279
279 280
280 281
281 282
282 283
283 284
284 285
285 286
286 287
287 288
288 289
289 290
290 291
291 292
292 293
293 294
294 295
295 296
296 297
297 298
298 299
299 300
300 301
301 302
302 303
303 304
304 305
305 306
306 307
307 308
308 309
309 310
310 311
311 312
312 313
313 314
314 315
315 316
316 317
317 318
318 319
319 320
320 321
321 322
322 323
323 324
324 325
325 326
326 327
327 328
328 329
329 330
330 331
331 332
332 333
333 334
334 335
335 336
336 337
337 338
338 339
339 340
340 341
341 342
342 343
343 344
344 345
345 346
346 347
347 348
348 349
349 350
350 351
351 352
352 353
353 354
354 355
355 356
356 357
357 358
358 359
359 360
360 361
361 362
362 363
363 364
364 365
365 366
366 367
367 368
368 369
369 370
370 371
371 372
372 373
373 374
374 375
375 376
376 377
377 378
378 379
379 380
380 381
381 382
382 383
383 384
384 385
385 386
386 387
387 388
388 389
389 390
390 391
391 392
392 393
393 394
394 395
395 396
396 397
397 398
398 399
399 400
400 401
401 402
402 403
403 404
404 405
405 406
406 407
407 408
408 409
409 410
410 411
411 412
412 413
413 414
414 415
415 416
416 417
417 418
418 419
419 420
420 421
421 422
422 423
423 424
424 425
425 426
426 427
427 428
428 429
429 430
430 431
431 432
432 433
433 434
434 435
435 436
436 437
437 438
438 439
439 440
440 441
441 442
442 443
443 444
444 445
445 446
446 447
447 448
448 449
449 450
450 451
451 452
452 453
453 454
454 455
455 456
456 457
457 458
458 459
459 460
460 461
461 462
462 463
463 464
464 465
465 466
466 467
467 468
468 469
469 470
470 471
471 472
472 473
473 474
474 475
475 476
476 477
477 478
478 479
479 480
480 481
481 482
482 483
483 484
484 485
485 486
486 487
487 488
488 489
489 490
490 491
491 492
492 493
493 494
494 495
495 496
496 497
497 498
498 499
499 500
500 501
501 502
502 503
503 504
504 505
505 506
506 507
507 508
508 509
509 510
510 511
511 512
512 513
513 514
514 515
515 516
516 517
517 518
518 519
519 520
520 521
521 522
522 523
523 524
524 525
525 526
526 527
527 528
528 529
529 530
530 531
531 532
532 533
533 534
534 535
535 536
536 537
537 538
538 539
539 540
540 541
541 542
542 543
543 544
544 545
545 546
546 547
547 548
548 549
549 550
550 551
551 552
552 553
553 554
554 555
555 556
556 557
557 558
558 559
559 560
560 561
561 562
562 563
563 564
564 565
565 566
566 567
567 568
568 569
569 570
570 571
571 572
572 573
573 574
574 575
575 576
576 577
577 578
578 579
579 580
580 581
581 582
582 583
583 584
584 585
585 586
586 587
587 588
588 589
589 590
590 591
591 592
592 593
593 594
594 595
595 596
596 597
597 598
598 599
599 600
600 601
601 602
602 603
603 604
604 605
605 606
606 607
607 608
608 609
609 610
610 611
611 612
612 613
613 614
614 615
615 616
616 617
617 618
618 619
619 620
620 621
621 622
622 623
623 624
624 625
625 626
626 627
627 628
628 629
629 630
630 631
631 632
632 633
633 634
634 635
635 636
636 637
637 638
638 639
639 640
640 641
641 642
642 643
643 644
644 645
645 646
646 647
647 648
648 649
649 650
650 651
651 652
652 653
653 654
654 655
655 656
656 657
657 658
658 659
659 660
660 661
661 662
662 663
663 664
664 665
665 666
666 667
667 668
668 669
669 670
670 671
671 672
672 673
673 674
674 675
675 676
676 677
677 678
678 679
679 680
680 681
681 682
682 683
683 684
684 685
685 686
686 687
687 688
688 689
689 690
690 691
691 692
692 693
693 694
694 695
695 696
696 697
697 698
698 699
699 700
700 701
701 702
702 703
703 704
704 705
705 706
706 707
707 708
708 709
709 710
710 711
711 712
712 713
713 714
714 715
715 716
716 717
717 718
718 719
719 720
720 721
721 722
722 723
723 724
724 725
725 726
726 727
727 728
728 729
729 730
730 731
731 732
732 733
733 734
734 735
735 736
736 737
737 738
738 739
739 740
740 741
741 742
742 743
743 744
744 745
745 746
746 747
747 748
748 749
749 750
750 751
751 752
752 753
753 754
754 755
755 756
756 757
757 758
758 759
759 760
760 761
761 762
762 763
763 764
764 765
765 766
766 767
767 768
768 769
769 770
770 771
771 772
772 773
773 774
774 775
775 776
776 777
777 778
778 779
779 780
780 781
781 782
782 783
783 784
784 785
785 786
786 787
787 788
788 789
789 790
790 791
791 792
792 793
793 794
794 795
795 796
796 797
797 798
798 799
799 800
800 801
801 802
802 803
803 804
804 805
805 806
806 807
807 808
808 809
809 810
810 811
811 812
812 813
813 814
814 815
815 816
816 817
817 818
818 819
819 820
820 821
821 822
822 823
823 824
824 825
825 826
826 827
827 828
828 829
829 830
830 831
831 832
832 833
833 834
834 835
835 836
836 837
837 838
838 839
839 840
840 841
841 842
842 843
843 844
844 845
845 846
846 847
847 848
848 849
849 850
850 851
851 852
852 853
853 854
854 855
855 856
856 857
857 858
858 859
859 860
860 861
861 862
862 863
863 864
864 865
865 866
866 867
867 868
868 869
869 870
870 871
871 872
872 873
873 874
874 875
875 876
876 877
877 878
878 879
879 880
880 881
881 882
882 883
883 884
884 885
885 886
886 887
887 888
888 889
889 890
890 891
891 892
892 893
893 894
894 895
895 896
896 897
897 898
898 899
899 900
900 901
901 902
902 903
903 904
904 905
905 906
906 907
907 908
908 909
909 910
910 911
911 912
912 913
913 914
914 915
915 916
916 917
917 918
918 919
919 920
920 921
921 922
922 923
923 924
924 925
925 926
926 927
927 928
928 929
929 930
930 931
931 932
932 933
933 934
934 935
935 936
936 937
937 938
938 939
939 940
940 941
941 942
942 943
943 944
944 945
945 946
946 947
947 948
948 949
949 950
950 951
951 952
952 953
953 954
954 955
955 956
956 957
957 958
958 959
959 960
960 961
961 962
962 963
963 964
964 965
965 966
966 967
967 968
968 969
969 970
970 971
971 972
972 973
973 974
974 975
975 976
976 977
977 978
978 979
979 980
980 981
981 982
982 983
983 984
984 985
985 986
986 987
987 988
988 989
989 990
990 991
991 992
992 993
993 994
994 995
995 996
996 997
997 998
998 999
999 1000
1000 1001
1001 1002
1002 1003
1003 1004
1004 1005
1005 1006
1006 1007
1007 1008
1008 1009
1009 1010
1010 1011
1011 1012
1012 1013
1013 1014
1014 1015
1015 1016
1016 1017
1017 1018
1018 1019
1019 1020
1020 1021
1021 1022
1022 1023
1023 1024
1024 1025
1025 1026
1026 1027
1027 1028
1028 1029
1029 1030
1030 1031
1031 1032
1032 1033
1033 1034
1034 1035
1035 1036
1036 1037
1037 1038
1038 1039
1039 1040
1040 1041
1041 1042
1042 1043
1043 1044
1044 1045
1045 1046
1046 1047
1047 1048
1048 1049
1049 1050
1050 1051
1051 1052
1052 1053
1053 1054
1054 1055
1055 1056
1056 1057
1057 1058
1058 1059
1059 1060
1060 1061
1061 1062
1062 1063
1063 1064
1064 1065
1065 1066
1066 1067
1067 1068
1068 1069
1069 1070
1070 1071
1071 1072
1072 1073
1073 1074
1074 1075
1075 1076
1076 1077
1077 1078
1078 1079
1079 1080
1080 1081
1081 1082
1082 1083
1083 1084
1084 1085
1085 1086
1086 1087
1087 1088
1088 1089
1089 1090
1090 1091
1091 1092
1092 1093
1093 1094
1094 1095
1095 1096
1096 1097
1097 1098
1098 1099
1099 1100
1100 1101
1101 1102
1102 1103
1103 1104
1104 1105
1105 1106
1106 1107
1107 1108
1108 1109
1109 1110
1110 1111
1111 1112
1112 1113
1113 1114
1114 1115
1115 1116
1116 1117
1117 1118
1118 1119
1119 1120
1120 1121
1121 1122
1122 1123
1123 1124
1124 1125
1125 1126
1126 1127
1127 1128
1128 1129
1129 1130
1130 1131
1131 1132
1132 1133
1133 1134
1134 1135
1135 1136
1136 1137
1137 1138
1138 1139
1139 1140
1140 1141
1141 1142
1142 1143
1143 1144
1144 1145
1145 1146
1146 1147
1147 1148
1148 1149
1149 1150
1150 1151
1151 1152
1152 1153
1153 1154
1154 1155
1155 1156
1156 1157
1157 1158
1158 1159
1159 1160
1160 1161
1161 1162
1162 1163
1163 1164
1164 1165
1165 1166
1166 1167
1167 1168
1168 1169
1169 1170
1170 1171
1171 1172
1172 1173
1173 1174
1174 1175
1175 1176
1176 1177
1177 1178
1178 1179
1179 1180
1180 1181
1181 1182
1182 1183
1183 1184
1184 1185
1185 1186
1186 1187
1187 1188
1188 1189
1189 1190
1190 1191
1191 1192
1192 1193
1193 1194
1194 1195
1195 1196
1196 1197
1197 1198
1198 1199
1199 1200
1200 1201
1201 1202
1202 1203
1203 1204
1204 1205
1205 1206
1206 1207
1207 1208
1208 1209
1209 1210
1210 1211
1211 1212
1212 1213
1213 1214
1214 1215
1215 1216
1216 1217
1217 1218
1218 1219
1219 1220
1220 1221
1221 1222
1222 1223
1223 1224
1224 1225
1225 1226
1226 1227
1227 1228
1228 1229
1229 1230
1230 1231
1231 1232
1232 1233
1233 1234
1234 1235
1235 1236
1236 1237
1237 1238
1238 1239
1239 1240
1240 1241
1241 1242
1242 1243
1243 1244
1244 1245
1245 1246
1246 1247
1247 1248
1248 1249
1249 1250
1250 1251
1251 1252
1252 1253
1253 1254
1254 1255
1255 1256
1256 1257
1257 1258
1258 1259
1259 1260
1260 1261
1261 1262
1262 1263
1263 1264
1264 1265
1265 1266
1266 1267
1267 1268
1268 1269
1269 1270
1270 1271
1271 1272
1272 1273
1273 1274
1274 1275
1275 1276
1276 1277
1277 1278
1278 1279
1279 1280
1280 1281
1281 1282
1282 1283
1283 1284
1284 1285
1285 1286
1286 1287
1287 1288
1288 1289
1289 1290
1290 1291
1291 1292
1292 1293
1293 1294
1294 1295
1295 1296
1296 1297
1297 1298
1298 1299
1299 1300
1300 1301
1301 1302
1302 1303
1303 1304
1304 1305
1305 1306
1306 1307
1307 1308
1308 1309
1309 1310
1310 1311
1311 1312
1312 1313
1313 1314
1314 1315
1315 1316
1316 1317
1317 1318
1318 1319
1319 1320
1320 1321
1321 1322
1322 1323
1323 1324
1324 1325
1325 1326
1326 1327
1327 1328
1328 1329
1329 1330
1330 1331
1331 1332
1332 1333
1333 1334
1334 1335
1335 1336
1336 1337
1337 1338
1338 1339
1339 1340
1340 1341
1341 1342
1342 1343
1343 1344
1344 1345
1345 1346
1346 1347
1347 1348
1348 1349
1349 1350
1350 1351
1351 1352
1352 1353
1353 1354
1354 1355
1355 1356
1356 1357
1357 1358
1358 1359
1359 1360
1360 1361
1361 1362
1362 1363
1363 1364
1364 1365
1365 1366
1366 1367
1367 1368
1368 1369
1369 1370
1370 1371
1371 1372
1372 1373
1373 1374
1374 1375
1375 1376
1376 1377
1377 1378
1378 1379
1379 1380
1380 1381
1381 1382
1382 1383
1383 1384
1384 1385
1385 1386
1386 1387
1387 1388
1388 1389
1389 1390
1390 1391
1391 1392
1392 1393
1393 1394
1394 1395
1395 1396
1396 1397
1397 1398
1398 1399
1399 1400
1400 1401
1401 1402
1402 1403
1403 1404
1404 1405
1405 1406
1406 1407
1407 1408
1408 1409
1409 1410
1410 1411
1411 1412
1412 1413
1413 1414
1414 1415
1415 1416
1416 1417
1417 1418
1418 1419
1419 1420
1420 1421
1421 1422
1422 1423
1423 1424
1424 1425
1425 1426
1426 1427
1427 1428
1428 1429
1429 1430
1430 1431
1431 1432
1432 1433
1433 1434
1434 1435
1435 1436
1436 1437
1437 1438
1438 1439
1439 1440
1440 1441
1441 1442
1442 1443
1443 1444
1444 1445
1445 1446
1446 1447
1447 1448
1448 1449
1449 1450
1450 1451
1451 1452
1452 1453
1453 1454
1454 1455
1455 1456
1456 1457
1457 1458
1458 1459
1459 1460
1460 1461
1461 1462
1462 1463
1463 1464
1464 1465
1465 1466
1466 1467
1467 1468
1468 1469
1469 1470
1470 1471
1471 1472
1472 1473
1473 1474
1474 1475
1475 1476
1476 1477
1477 1478
1478 1479
1479 1480
1480 1481
1481 1482
1482 1483
1483 1484
1484 1485
1485 1486
1486 1487
1487 1488
1488 1489
1489 1490
1490 1491
1491 1492
1492 1493
1493 1494
1494 1495
1495 1496
1496 1497
1497 1498
1498 1499
1499 1500
1500 1501
1501 1502
1502 1503
1503 1504
1504 1505
1505 1506
1506 1507
1507 1508
1508 1509
1509 1510
1510 1511
1511 1512
1512 1513
1513 1514
1514 1515
1515 1516
1516 1517
1517 1518
1518 1519
1519 1520
1520 1521
1521 1522
1522 1523
1523 1524
1524 1525
1525 1526
1526 1527
1527 1528
1528 1529
1529 1530
1530 1531
1531 1532
1532 1533
1533 1534
1534 1535
1535 1536
1536 1537
1537 1538
1538 1539
1539 1540
1540 1541
1541 1542
1542 1543
1543 1544
1544 1545
1545 1546
1546 1547
1547 1548
1548 1549
1549 1550
1550 1551
1551 1552
1552 1553
1553 1554
1554 1555
1555 1556
1556 1557
1557 1558
1558 1559
1559 1560
1560 1561
1561 1562
1562 1563
1563 1564
1564 1565
1565 1566
1566 1567
1567 1568
1568 1569
1569 1570
1570 1571
1571 1572
1572 1573
1573 1574
1574 1575
1575 1576
1576 1577
1577 1578
1578 1579
1579 1580
1580 1581
1581 1582
1582 1583
1583 1584
1584 1585
1585 1586
1586 1587
1587 1588
1588 1589
1589 1590
1590 1591
1591 1592
1592 1593
1593 1594
1594 1595
1595 1596
1596 1597
1597 1598
1598 1599
1599 1600
1600 1601
1601 1602
1602 1603
1603 1604
1604 1605
1605 1606
1606 1607
1607 1608
1608 1609
1609 1610
1610 1611
1611 1612
1612 1613
1613 1614
1614 1615
1615 1616
1616 1617
1617 1618
1618 1619
1619 1620
1620 1621
1621 1622
1622 1623
1623 1624
1624 1625
1625 1626
1626 1627
1627 1628
1628 1629
1629 1630
1630 1631
1631 1632
1632 1633
1633 1634
1634 1635
1635 1636
1636 1637
1637 1638
1638 1639
1639 1640
1640 1641
1641 1642
1642 1643
1643 1644
1644 1645
1645 1646
1646 1647
1647 1648
1648 1649
1649 1650
1650 1651
1651 1652
1652 1653
1653 1654
1654 1655
1655 1656
1656 1657
1657 1658
1658 1659
1659 1660
1660 1661
1661 1662
1662 1663
1663 1664
1664 1665
1665 1666
1666 1667
1667 1668
1668 1669
1669 1670
1670 1671
1671 1672
1672 1673
1673 1674
1674 1675
1675 1676
1676 1677
1677 1678
1678 1679
1679 1680
1680 1681
1681 1682
1682 1683
1683 1684
1684 1685
1685 1686
1686 1687
1687 1688
1688 1689
1689 1690
1690 1691
1691 1692
1692 1693
1693 1694
1694 1695
1695 1696
1696 1697
1697 1698
1698 1699
1699 1700
1700 1701
1701 1702
1702 1703
1703 1704
1704 1705
1705 1706
1706 1707
1707 1708
1708 1709
1709 1710
1710 1711
1711 1712
1712 1713
1713 1714
1714 1715
1715 1716
1716 1717
1717 1718
1718 1719
1719 1720
1720 1721
1721 1722
1722 1723
1723 1724
1724 1725
1725 1726
1726 1727
1727 1728
1728 1729
1729 1730
1730 1731
1731 1732
1732 1733
1733 1734
1734 1735
1735 1736
1736 1737
1737 1738
1738 1739
1739 1740
1740 1741
1741 1742
1742 1743
1743 1744
1744 1745
1745 1746
1746 1747
1747 1748
1748 1749
1749 1750
1750 1751
1751 1752
1752 1753
1753 1754
1754 1755
1755 1756
1756 1757
1757 1758
1758 1759
1759 1760
1760 1761
1761 1762
1762 1763
1763 1764
1764 1765
1765 1766
1766 1767
1767 1768
1768 1769
1769 1770
1770 1771
1771 1772
1772 1773
1773 1774
1774 1775
1775 1776
1776 1777
1777 1778
1778 1779
1779 1780
1780 1781
1781 1782
1782 1783
1783 1784
1784 1785
1785 1786
1786 1787
1787 1788
1788 1789
1789 1790
1790 1791
1791 1792
1792 1793
1793 1794
1794 1795
1795 1796
1796 1797
1797 1798
1798 1799
1799 1800
1800 1801
1801 1802
1802 1803
1803 1804
1804 1805
1805 1806
1806 1807
1807 1808
1808 1809
1809 1810
1810 1811
1811 1812
1812 1813
1813 1814
1814 1815
1815 1816
1816 1817
1817 1818
1818 1819
1819 1820
1820 1821
1821 1822
1822 1823
1823 1824
1824 1825
1825 1826
1826 1827
1827 1828
1828 1829
1829 1830
1830 1831
1831 1832
1832 1833
1833 1834
1834 1835
1835 1836
1836 1837
1837 1838
1838 1839
1839 1840
1840 1841
1841 1842
1842 1843
1843 1844
1844 1845
1845 1846
1846 1847
1847 1848
1848 1849
1849 1850
1850 1851
1851 1852
1852 1853
1853 1854
1854 1855
1855 1856
1856 1857
1857 1858
1858 1859
1859 1860
1860 1861
1861 1862
1862 1863
1863 1864
1864 1865
1865 1866
1866 1867
1867 1868
1868 1869
1869 1870
1870 1871
1871 1872
1872 1873
1873 1874
1874 1875
1875 1876
1876 1877
1877 1878
1878 1879
1879 1880
1880 1881
1881 1882
1882 1883
1883 1884
1884 1885
1885 1886
1886 1887
1887 1888
1888 1889
1889 1890
1890 1891
1891 1892
1892 1893
1893 1894
1894 1895
1895 1896
1896 1897
1897 1898
1898 1899
1899 1900
1900 1901
1901 1902
1902 1903
1903 1904
1904 1905
1905 1906
1906 1907
1907 1908
1908 1909
1909 1910
1910 1911
1911 1912
1912 1913
1913 1914
1914 1915
1915 1916
1916 1917
1917 1918
1918 1919
1919 1920
1920 1921
1921 1922
1922 1923
1923 1924
1924 1925
1925 1926
1926 1927
1927 1928
1928 1929
1929 1930
1930 1931
1931 1932
1932 1933
1933 1934
1934 1935
1935 1936
1936 1937
1937 1938
1938 1939
1939 1940
1940 1941
1941 1942
1942 1943
1943 1944
1944 1945
1945 1946
1946 1947
1947 1948
1948 1949
1949 1950
1950 1951
1951 1952
1952 1953
1953 1954
1954 1955
1955 1956
1956 1957
1957 1958
1958 1959
1959 1960
1960 1961
1961 1962
1962 1963
1963 1964
1964 1965
1965 1966
1966 1967
1967 1968
1968 1969
1969 1970
1970 1971
1971 1972
1972 1973
1973 1974
1974 1975
1975 1976
1976 1977
1977 1978
1978 1979
1979 1980
1980 1981
1981 1982
1982 1983
1983 1984
1984 1985
1985 1986
1986 1987
1987 1988
1988 1989
1989 1990
1990 1991
1991 1992
1992 1993
1993 1994
1994 1995
1995 1996
1996 1997
1997 1998
1998 1999
1999 2000
2000 2001
2001 2002
2002 2003
2003 2004
2004 2005
2005 2006
2006 2007
2007 2008
2008 2009
2009 2010
2010 2011
2011 2012
2012 2013
2013 2014
2014 2015
2015 2016
2016 2017
2017 2018
2018 2019
2019 2020
2020 2021
2021 2022
2022 2023
2023 2024
2024 2025
2025 2026
2026 2027
2027 2028
2028 2029
2029 2030
2030 2031
2031 2032
2032 2033
2033 2034
2034 2035
2035 2036
2036 2037
2037 2038
2038 2039
2039 2040
2040 2041
2041 2042
2042 2043
2043 2044
2044 2045
2045 2046
2046 2047
2047 2048
2048 2049
2049 2050
2050 2051
2051 2052
2052 2053
2053 2054
2054 2055
2055 2056
2056 2057
2057 2058
2058 2059
2059 2060
2060 2061
2061 2062
2062 2063
2063 2064
2064 2065
2065 2066
2066 2067
2067 2068
2068 2069
2069 2070
2070 2071
2071 2072
2072 2073
2073 2074
2074 2075
2075 2076
2076 2077
2077 2078
2078 2079
2079 2080
2080 2081
2081 2082
2082 2083
2083 2084
2084 2085
2085 2086
2086 2087
2087 2088
2088 2089
2089 2090
2090 2091
2091 2092
2092 2093
2093 2094
2094 2095
2095 2096
2096 2097
2097 2098
2098 2099
2099 2100
2100 2101
2101 2102
2102 2103
2103 2104
2104 2105
2105 2106
2106 2107
2107 2108
2108 2109
2109 2110
2110 2111
2111 2112
2112 2113
2113 2114
2114 2115
2115 2116
2116 2117
2117 2118
2118 2119
2119 2120
2120 2121
2121 2122
2122 2123
2123 2124
2124 2125
2125 2126
2126 2127
2127 2128
2128 2129
2129 2130
2130 2131
2131 2132
2132 2133
2133 2134
2134 2135
2135 2136
2136 2137
2137 2138
2138 2139
2139 2140
2140 2141
2141 2142
2142 2143
2143 2144
2144 2145
2145 2146
2146 2147
2147 2148
2148 2149
2149 2150
2150 2151
2151 2152
2152 2153
2153 2154
2154 2155
2155 2156
2156 2157
2157 2158
2158 2159
2159 2160
2160 2161
2161 2162
2162 2163
2163 2164
2164 2165
2165 2166
2166 2167
2167 2168
2168 2169
2169 2170
2170 2171
2171 2172
2172 2173
2173 2174
2174 2175
2175 2176
2176 2177
2177 2178
2178 2179
2179 2180
2180 2181
2181 2182
2182 2183
2183 2184
2184 2185
2185 2186
2186 2187
2187 2188
2188 2189
2189 2190
2190 2191
2191 2192
2192 2193
2193 2194
2194 2195
2195 2196
2196 2197
2197 2198
2198 2199
2199 2200
2200 2201
2201 2202
2202 2203
2203 2204
2204 2205
2205 2206
2206 2207
2207 2208
2208 2209
2209 2210
2210 2211
2211 2212
2212 2213
2213 2214
2214 2215
2215 2216
2216 2217
2217 2218
2218 2219
2219 2220
2220 2221
2221 2222
2222 2223
2223 2224
2224 2225
2225 2226
2226 2227
2227 2228
2228 2229
2229 2230
2230 2231
2231 2232
2232 2233
2233 2234
2234 2235
2235 2236
2236 2237
2237 2238
2238 2239
2239 2240
2240 2241
2241 2242
2242 2243
2243 2244
2244 2245
2245 2246
2246 2247
2247 2248
2248 2249
2249 2250
2250 2251
2251 2252
2252 2253
2253 2254
2254 2255
2255 2256
2256 2257
2257 2258
2258 2259
2259 2260
2260 2261
2261 2262
2262 2263
2263 2264
2264 2265
2265 2266
2266 2267
2267 2268
2268 2269
2269 2270
2270 2271
2271 2272
2272 2273
2273 2274
2274 2275
2275 2276
2276 2277
2277 2278
2278 2279
2279 2280
2280 2281
2281 2282
2282 2283
2283 2284
2284 2285
2285 2286
2286 2287
2287 2288
2288 2289
2289 2290
2290 2291
2291 2292
2292 2293
2293 2294
2294 2295
2295 2296
2296 2297
2297 2298
2298 2299
2299 2300
2300 2301
2301 2302
2302 2303
2303 2304
2304 2305
2305 2306
2306 2307
2307 2308
2308 2309
2309 2310
2310 2311
2311 2312
2312 2313
2313 2314
2314 2315
2315 2316
2316 2317
2317 2318
2318 2319
2319 2320
2320 2321
2321 2322
2322 2323
2323 2324
2324 2325
2325 2326
2326 2327
2327 2328
2328 2329
2329 2330
2330 2331
2331 2332
2332 2333
2333 2334
2334 2335
2335 2336
2336 2337
2337 2338
2338 2339
2339 2340
2340 2341
2341 2342
2342 2343
2343 2344
2344 2345
2345 2346
2346 2347
2347 2348
2348 2349
2349 2350
2350 2351
2351 2352
2352 2353
2353 2354
2354 2355
2355 2356
2356 2357
2357 2358
2358 2359
2359 2360
2360 2361
2361 2362
2362 2363
2363 2364
2364 2365
2365 2366
2366 2367
2367 2368
2368 2369
2369 2370
2370 2371
2371 2372
2372 2373
2373 2374
2374 2375
2375 2376
2376 2377
2377 2378
2378 2379
2379 2380
2380 2381
2381 2382
2382 2383
2383 2384
2384 2385
2385 2386
2386 2387
2387 2388
2388 2389
2389 2390
2390 2391
2391 2392
2392 2393
2393 2394
2394 2395
2395 2396
2396 2397
2397 2398
2398 2399
2399 2400
2400 2401
2401 2402
2402 2403
2403 2404
2404 2405
2405 2406
2406 2407
2407 2408
2408 2409
2409 2410
2410 2411
2411 2412
2412 2413
2413 2414
2414 2415
2415 2416
2416 2417
2417 2418
2418 2419
2419 2420
2420 2421
2421 2422
2422 2423
2423 2424
2424 2425
2425 2426
2426 2427
2427 2428
2428 2429
2429 2430
2430 2431
2431 2432
2432 2433
2433 2434
2434 2435
2435 2436
2436 2437
2437 2438
2438 2439
2439 2440
2440 2441
2441 2442
2442 2443
2443 2444
2444 2445
2445 2446
2446 2447
2447 2448
2448 2449
2449 2450
2450 2451
2451 2452
2452 2453
2453 2454
2454 2455
2455 2456
2456 2457
2457 2458
2458 2459
2459 2460
2460 2461
2461 2462
2462 2463
2463 2464
2464 2465
2465 2466
2466 2467
2467 2468
2468 2469
2469 2470
2470 2471
2471 2472
2472 2473
2473 2474
2474 2475
2475 2476
2476 2477
2477 2478
2478 2479
2479 2480
2480 2481
2481 2482
2482 2483
2483 2484
2484 2485
2485 2486
2486 2487
2487 2488
2488 2489
2489 2490
2490 2491
2491 2492
2492 2493
2493 2494
2494 2495
2495 2496
2496 2497
2497 2498
2498 2499
2499 2500
2500 2501
2501 2502
2502 2503
2503 2504
2504 2505
2505 2506
2506 2507
2507 2508
2508 2509
2509 2510
2510 2511
2511 2512
2512 2513
2513 2514
2514 2515
2515 2516
2516 2517
2517 2518
2518 2519
2519 2520
2520 2521
2521 2522
2522 2523
2523 2524
2524 2525
2525 2526
2526 2527
2527 2528
2528 2529
2529 2530
2530 2531
2531 2532
2532 2533
2533 2534
2534 2535
2535 2536
2536 2537
2537 2538
2538 2539
2539 2540
2540 2541
2541 2542
2542 2543
2543 2544
2544 2545
2545 2546
2546 2547
2547 2548
2548 2549
2549 2550
2550 2551
2551 2552
2552 2553
2553 2554
2554 2555
2555 2556
2556 2557
2557 2558
2558 2559
2559 2560
2560 2561
2561 2562
2562 2563
2563 2564
2564 2565
2565 2566
2566 2567
2567 2568
2568 2569
2569 2570
2570 2571
2571 2572
2572 2573
2573 2574
2574 2575
2575 2576
2576 2577
2577 2578
2578 2579
2579 2580
2580 2581
2581 2582
2582 2583
2583 2584
2584 2585
2585 2586
2586 2587
2587 2588
2588 2589
2589 2590
2590 2591
2591 2592
2592 2593
2593 2594
2594 2595
2595 2596
2596 2597
2597 2598
2598 2599
2599 2600
2600 2601
2601 2602
2602 2603
2603 2604
2604 2605
2605 2606
2606 2607
2607 2608
2608 2609
2609 2610
2610 2611
2611 2612
2612 2613
2613 2614
2614 2615
2615 2616
2616 2617
2617 2618
2618 2619
2619 2620
2620 2621
2621 2622
2622 2623
2623 2624
2624 2625
2625 2626
2626 2627
2627 2628
2628 2629
2629 2630
2630 2631
2631 2632
2632 2633
2633 2634
2634 2635
2635 2636
2636 2637
2637 2638
2638 2639
2639 2640
2640 2641
2641 2642
2642 2643
2643 2644
2644 2645
2645 2646
2646 2647
2647 2648
2648 2649
2649 2650
2650 2651
2651 2652
2652 2653
2653 2654
2654 2655
2655 2656
2656 2657
2657 2658
2658 2659
2659 2660
2660 2661
2661 2662
2662 2663
2663 2664
2664 2665
2665 2666
2666 2667
2667 2668
2668 2669
2669 2670
2670 2671
2671 2672
2672 2673
2673 2674
2674 2675
2675 2676
2676 2677
2677 2678
2678 2679
2679 2680
2680 2681
2681 2682
2682 2683
2683 2684
2684 2685
2685 2686
2686 2687
2687 2688
2688 2689
2689 2690
2690 2691
2691 2692
2692 2693
2693 2694
2694 2695
2695 2696
2696 2697
2697 2698
2698 2699
2699 2700
2700 2701
2701 2702
2702 2703
2703 2704
2704 2705
2705 2706
2706 2707
2707 2708
2708 2709
2709 2710
2710 2711
2711 2712
2712 2713
2713 2714
2714 2715
2715 2716
2716 2717
2717 2718
2718 2719
2719 2720
2720 2721
2721 2722
2722 2723
2723 2724
2724 2725
2725 2726
2726 2727
2727 2728
2728 2729
2729 2730
2730 2731
2731 2732
2732 2733
2733 2734
2734 2735
2735 2736
2736 2737
2737 2738
2738 2739
2739 2740
2740 2741
2741 2742
2742 2743
2743 2744
2744 2745
2745 2746
2746 2747
2747 2748
2748 2749
2749 2750
2750 2751
2751 2752
2752 2753
2753 2754
2754 2755
2755 2756
2756 2757
2757 2758
2758 2759
2759 2760
2760 2761
2761 2762
2762 2763
2763 2764
2764 2765
2765 2766
2766 2767
2767 2768
2768 2769
2769 2770
2770 2771
2771 2772
2772 2773
2773 2774
2774 2775
2775 2776
2776 2777
2777 2778
2778 2779
2779 2780
2780 2781
2781 2782
2782 2783
2783 2784
2784 2785
2785 2786
2786 2787
2787 2788
2788 2789
2789 2790
2790 2791
2791 2792
2792 2793
2793 2794
2794 2795
2795 2796
2796 2797
2797 2798
2798 2799
2799 2800
2800 2801
2801 2802
2802 2803
2803 2804
2804 2805
2805 2806
2806 2807
2807 2808
2808 2809
2809 2810
2810 2811
2811 2812
2812 2813
2813 2814
2814 2815
2815 2816
2816 2817
2817 2818
2818 2819
2819 2820
2820 2821
2821 2822
2822 2823
2823 2824
2824 2825
2825 2826
2826 2827
2827 2828
2828 2829
2829 2830
2830 2831
2831 2832
2832 2833
2833 2834
2834 2835
2835 2836
2836 2837
2837 2838
2838 2839
2839 2840
2840 2841
2841 2842
2842 2843
2843 2844
2844 2845
2845 2846
2846 2847
2847 2848
2848 2849
2849 2850
2850 2851
2851 2852
2852 2853
2853 2854
2854 2855
2855 2856
2856 2857
2857 2858
2858 2859
2859 2860
2860 2861
2861 2862
2862 2863
2863 2864
2864 2865
2865 2866
2866 2867
2867 2868
2868 2869
2869 2870
2870 2871
2871 2872
2872 2873
2873 2874
2874 2875
2875 2876
2876 2877
2877 2878
2878 2879
2879 2880
2880 2881
2881 2882
2882 2883
2883 2884
2884 2885
2885 2886
2886 2887
2887 2888
2888 2889
2889 2890
2890 2891
2891 2892
2892 2893
2893 2894
2894 2895
2895 2896
2896 2897
2897 2898
2898 2899
2899 2900
2900 2901
2901 2902
2902 2903
2903 2904
2904 2905
2905 2906
2906 2907
2907 2908
2908 2909
2909 2910
2910 2911
2911 2912
2912 2913
2913 2914
2914 2915
2915 2916
2916 2917
2917 2918
2918 2919
2919 2920
2920 2921
2921 2922
2922 2923
2923 2924
2924 2925
2925 2926
2926 2927
2927 2928
2928 2929
2929 2930
2930 2931
2931 2932
2932 2933
2933 2934
2934 2935
2935 2936
2936 2937
2937 2938
2938 2939
2939 2940
2940 2941
2941 2942
2942 2943
2943 2944
2944 2945
2945 2946
2946 2947
2947 2948
2948 2949
2949 2950
2950 2951
2951 2952
2952 2953
2953 2954
2954 2955
2955 2956
2956 2957
2957 2958
2958 2959
2959 2960
2960 2961
2961 2962
2962 2963
2963 2964
2964 2965
2965 2966
2966 2967
2967 2968
2968 2969
2969 2970
2970 2971
2971 2972
2972 2973
2973 2974
2974 2975
2975 2976
2976 2977
2977 2978
2978 2979
2979 2980
2980 2981
2981 2982
2982 2983
2983 2984
2984 2985
2985 2986
2986 2987
2987 2988
2988 2989
2989 2990
2990 2991
2991 2992
2992 2993
2993 2994
2994 2995
2995 2996
2996 2997
2997 2998
2998 2999
2999 3000
3000 3001
3001 3002
3002 3003
3003 3004
3004 3005
3005 3006
3006 3007
3007 3008
3008 3009
3009 3010
3010 3011
3011 3012
3012 3013
3013 3014
3014 3015
3015 3016
3016 3017
3017 3018
3018 3019
3019 3020
3020 3021
3021 3022
3022 3023
3023 3024
3024 3025
3025 3026
3026 3027
3027 3028
3028 3029
3029 3030
3030 3031
3031 3032
3032 3033
3033 3034
3034 3035
3035 3036
3036 3037
3037 3038
3038 3039
3039 3040
3040 3041
3041 3042
3042 3043
3043 3044
3044 3045
3045 3046
3046 3047
3047 3048
3048 3049
3049 3050
3050 3051
3051 3052
3052 3053
3053 3054
3054 3055
3055 3056
3056 3057
3057 3058
3058 3059
3059 3060
3060 3061
3061 3062
3062 3063
3063 3064
3064 3065
3065 3066
3066 3067
3067 3068
3068 3069
3069 3070
3070 3071
3071 3072
3072 3073
3073 3074
3074 3075
3075 3076
3076 3077
3077 3078
3078 3079
3079 3080
3080 3081
3081 3082
3082 3083
3083 3084
3084 3085
3085 3086
3086 3087
3087 3088
3088 3089
3089 3090
3090 3091
3091 3092
3092 3093
3093 3094
3094 3095
3095 3096
3096 3097
3097 3098
3098 3099
3099 3100
3100 3101
3101 3102
3102 3103
3103 3104
3104 3105
3105 3106
3106 3107
3107 3108
3108 3109
3109 3110
3110 3111
3111 3112
3112 3113
3113 3114
3114 3115
3115 3116
3116 3117
3117 3118
3118 3119
3119 3120
3120 3121
3121 3122
3122 3123
3123 3124
3124 3125
3125 3126
3126 3127
3127 3128
3128 3129
3129 3130
3130 3131
3131 3132
3132 3133
3133 3134
3134 3135
3135 3136
3136 3137
3137 3138
3138 3139
3139 3140
3140 3141
3141 3142
3142 3143
3143 3144
3144 3145
3145 3146
3146 3147
3147 3148
3148 3149
3149 3150
3150 3151
3151 3152
3152 3153
3153 3154
3154 3155
3155 3156
3156 3157
3157 3158
3158 3159
3159 3160
3160 3161
3161 3162
3162 3163
3163 3164
3164 3165
3165 3166
3166 3167
3167 3168
3168 3169
3169 3170
3170 3171
3171 3172
3172 3173
3173 3174
3174 3175
3175 3176
3176 3177
3177 3178
3178 3179
3179 3180
3180 3181
3181 3182
3182 3183
3183 3184
3184 3185
3185 3186
3186 3187
3187 3188
3188 3189
3189 3190
3190 3191
3191 3192
3192 3193
3193 3194
3194 3195
3195 3196
3196 3197
3197 3198
3198 3199
3199 3200
3200 3201
3201 3202
3202 3203
3203 3204
3204 3205
3205 3206
3206 3207
3207 3208
3208 3209
3209 3210
3210 3211
3211 3212
3212 3213
3213 3214
3214 3215
3215 3216
3216 3217
3217 3218
3218 3219
3219 3220
3220 3221
3221 3222
3222 3223
3223 3224
3224 3225
3225 3226
3226 3227
3227 3228
3228 3229
3229 3230
3230 3231
3231 3232
3232 3233
3233 3234
3234 3235
3235 3236
3236 3237
3237 3238
3238 3239
3239 3240
3240 3241
3241 3242
3242 3243
3243 3244
3244 3245
3245 3246
3246 3247
3247 3248
3248 3249
3249 3250
3250 3251
3251 3252
3252 3253
3253 3254
3254 3255
3255 3256
3256 3257
3257 3258
3258 3259
3259 3260
3260 3261
3261 3262
3262 3263
3263 3264
3264 3265
3265 3266
3266 3267
3267 3268
3268 3269
3269 3270
3270 3271
3271 3272
3272 3273
3273 3274
3274 3275
3275 3276
3276 3277
3277 3278
3278 3279
3279 3280
3280 3281
3281 3282
3282 3283
3283 3284
3284 3285
3285 3286
3286 3287
3287 3288
3288 3289
3289 3290
3290 3291
3291 3292
3292 3293
3293 3294
3294 3295
3295 3296
3296 3297
3297 3298
3298 3299
3299 3300
3300 3301
3301 3302
3302 3303
3303 3304
3304 3305
3305 3306
3306 3307
3307 3308
3308 3309
3309 3310
3310 3311
3311 3312
3312 3313
3313 3314
3314 3315
3315 3316
3316 3317
3317 3318
3318 3319
3319 3320
3320 3321
3321 3322
3322 3323
3323 3324
3324 3325
3325 3326
3326 3327
3327 3328
3328 3329
3329 3330
3330 3331
3331 3332
3332 3333
3333 3334
3334 3335
3335 3336
3336 3337
3337 3338
3338 3339
3339 3340
3340 3341
3341 3342
3342 3343
3343 3344
3344 3345
3345 3346
3346 3347
3347 3348
3348 3349
3349 3350
3350 3351
3351 3352
3352 3353
3353 3354
3354 3355
3355 3356
3356 3357
3357 3358
3358 3359
3359 3360
3360 3361
3361 3362
3362 3363
3363 3364
3364 3365
3365 3366
3366 3367
3367 3368
3368 3369
3369 3370
3370 3371
3371 3372
3372 3373
3373 3374
3374 3375
3375 3376
3376 3377
3377 3378
3378 3379
3379 3380
3380 3381
3381 3382
3382 3383
3383 3384
3384 3385
3385 3386
3386 3387
3387 3388
3388 3389
3389 3390
3390 3391
3391 3392
3392 3393
3393 3394
3394 3395
3395 3396
3396 3397
3397 3398
3398 3399
3399 3400
3400 3401
3401 3402
3402 3403
3403 3404
3404 3405
3405 3406
3406 3407
3407 3408
3408 3409
3409 3410
3410 3411
3411 3412
3412 3413
3413 3414
3414 3415
3415 3416
3416 3417
3417 3418
3418 3419
3419 3420
3420 3421
3421 3422
3422 3423
3423 3424
3424 3425
3425 3426
3426 3427
3427 3428
3428 3429
3429 3430
3430 3431
3431 3432
3432 3433
3433 3434
3434 3435
3435 3436
3436 3437
3437 3438
3438 3439
3439 3440
3440 3441
3441 3442
3442 3443
3443 3444
3444 3445
3445 3446
3446 3447
3447 3448
3448 3449
3449 3450
3450 3451
3451 3452
3452 3453
3453 3454
3454 3455
3455 3456
3456 3457
3457 3458
3458 3459
3459 3460
3460 3461
3461 3462
3462 3463
3463 3464
3464 3465
3465 3466
3466 3467
3467 3468
3468 3469
3469 3470
3470 3471
3471 3472
3472 3473
3473 3474
3474 3475
3475 3476
3476 3477
3477 3478
3478 3479
3479 3480
3480 3481
3481 3482
3482 3483
3483 3484
3484 3485
3485 3486
3486 3487
3487 3488
3488 3489
3489 3490
3490 3491
3491 3492
3492 3493
3493 3494
3494 3495
3495 3496
3496 3497
3497 3498
3498 3499
3499 3500
3500 3501
3501 3502
3502 3503
3503 3504
3504 3505
3505 3506
3506 3507
3507 3508
3508 3509
3509 3510
3510 3511
3511 3512
3512 3513
3513 3514
3514 3515
3515 3516
3516 3517
3517 3518
3518 3519
3519 3520
3520 3521
3521 3522
3522 3523
3523 3524
3524 3525
3525 3526
3526 3527
3527 3528
3528 3529
3529 3530
3530 3531
3531 3532
3532 3533
3533 3534
3534 3535
3535 3536
3536 3537
3537 3538
3538 3539
3539 3540
3540 3541
3541 3542
3542 3543
3543 3544
3544 3545
3545 3546
3546 3547
3547 3548
3548 3549
3549 3550
3550 3551
3551 3552
3552 3553
3553 3554
3554 3555
3555 3556
3556 3557
3557 3558
3558 3559
3559 3560
3560 3561
3561 3562
3562 3563
3563 3564
3564 3565
3565 3566
3566 3567
3567 3568
3568 3569
3569 3570
3570 3571
3571 3572
3572 3573
3573 3574
3574 3575
3575 3576
3576 3577
3577 3578
3578 3579
3579 3580
3580 3581
3581 3582
3582 3583
3583 3584
3584 3585
3585 3586
3586 3587
3587 3588
3588 3589
3589 3590
3590 3591
3591 3592
3592 3593
3593 3594
3594 3595
3595 3596
3596 3597
3597 3598
3598 3599
3599 3600
3600 3601
3601 3602
3602 3603
3603 3604
3604 3605
3605 3606
3606 3607
3607 3608
3608 3609
3609 3610
3610 3611
3611 3612
3612 3613
3613 3614
3614 3615
3615 3616
3616 3617
3617 3618
3618 3619
3619 3620
3620 3621
3621 3622
3622 3623
3623 3624
3624 3625
3625 3626
3626 3627
3627 3628
3628 3629
3629 3630
3630 3631
3631 3632
3632 3633
3633 3634
3634 3635
3635 3636
3636 3637
3637 3638
3638 3639
3639 3640
3640 3641
3641 3642
3642 3643
3643 3644
3644 3645
3645 3646
3646 3647
3647 3648
3648 3649
3649 3650
3650 3651
3651 3652
3652 3653
3653 3654
3654 3655
3655 3656
3656 3657
3657 3658
3658 3659
3659 3660
3660 3661
3661 3662
3662 3663
3663 3664
3664 3665
3665 3666
3666 3667
3667 3668
3668 3669
3669 3670
3670 3671
3671 3672
3672 3673
3673 3674
3674 3675
3675 3676
3676 3677
3677 3678
3678 3679
3679 3680
3680 3681
3681 3682
3682 3683
3683 3684
3684 3685
3685 3686
3686 3687
3687 3688
3688 3689
3689 3690
3690 3691
3691 3692
3692 3693
3693 3694
3694 3695
3695 3696
3696 3697
3697 3698
3698 3699
3699 3700
3700 3701
3701 3702
3702 3703
3703 3704
3704 3705
3705 3706
3706 3707
3707 3708
3708 3709
3709 3710
3710 3711
3711 3712
3712 3713
3713 3714
3714 3715
3715 3716
3716 3717
3717 3718
3718 3719
3719 3720
3720 3721
3721 3722
3722 3723
3723 3724
3724 3725
3725 3726
3726 3727
3727 3728
3728 3729
3729 3730
3730 3731
3731 3732
3732 3733
3733 3734
3734 3735
3735 3736
3736 3737
3737 3738
3738 3739
3739 3740
3740 3741
3741 3742
3742 3743
3743 3744
3744 3745
3745 3746
3746 3747
3747 3748
3748 3749
3749 3750
3750 3751
3751 3752
3752 3753
3753 3754
3754 3755
3755 3756
3756 3757
3757 3758
3758 3759
3759 3760
3760 3761
3761 3762
3762 3763
3763 3764
3764 3765
3765 3766
3766 3767
3767 3768
3768 3769
3769 3770
3770 3771
3771 3772
3772 3773
3773 3774
3774 3775
3775 3776
3776 3777
3777 3778
3778 3779
3779 3780
3780 3781
3781 3782
3782 3783
3783 3784
3784 3785
3785 3786
3786 3787
3787 3788
3788 3789
3789 3790
3790 3791
3791 3792
3792 3793
3793 3794
3794 3795
3795 3796
3796 3797
3797 3798
3798 3799
3799 3800
3800 3801
3801 3802
3802 3803
3803 3804
3804 3805
3805 3806
3806 3807
3807 3808
3808 3809
3809 3810
3810 3811
3811 3812
3812 3813
3813 3814
3814 3815
3815 3816
3816 3817
3817 3818
3818 3819
3819 3820
3820 3821
3821 3822
3822 3823
3823 3824
3824 3825
3825 3826
3826 3827
3827 3828
3828 3829
3829 3830
3830 3831
3831 3832
3832 3833
3833 3834
3834 3835
3835 3836
3836 3837
3837 3838
3838 3839
3839 3840
3840 3841
3841 3842
3842 3843
3843 3844
3844 3845
3845 3846
3846 3847
3847 3848
3848 3849
3849 3850
3850 3851
3851 3852
3852 3853
3853 3854
3854 3855
3855 3856
3856 3857
3857 3858
3858 3859
3859 3860
3860 3861
3861 3862
3862 3863
3863 3864
3864 3865
3865 3866
3866 3867
3867 3868
3868 3869
3869 3870
3870 3871
3871 3872
3872 3873
3873 3874
3874 3875
3875 3876
3876 3877
3877 3878
3878 3879
3879 3880
3880 3881
3881 3882
3882 3883
3883 3884
3884 3885
3885 3886
3886 3887
3887 3888
3888 3889
3889 3890
3890 3891
3891 3892
3892 3893
3893 3894
3894 3895
3895 3896
3896 3897
3897 3898
3898 3899
3899 3900
3900 3901
3901 3902
3902 3903
3903 3904
3904 3905
3905 3906
3906 3907
3907 3908
3908 3909
3909 3910
3910 3911
3911 3912
3912 3913
3913 3914
3914 3915
3915 3916
3916 3917
3917 3918
3918 3919
3919 3920
3920 3921
3921 3922
3922 3923
3923 3924
3924 3925
3925 3926
3926 3927
3927 3928
3928 3929
3929 3930
3930 3931
3931 3932
3932 3933
3933 3934
3934 3935
3935 3936
3936 3937
3937 3938
3938 3939
3939 3940
3940 3941
3941 3942
3942 3943
3943 3944
3944 3945
3945 3946
3946 3947
3947 3948
3948 3949
3949 3950
3950 3951
3951 3952
3952 3953
3953 3954
3954 3955
3955 3956
3956 3957
3957 3958
3958 3959
3959 3960
3960 3961
3961 3962
3962 3963
3963 3964
3964 3965
3965 3966
3966 3967
3967 3968
3968 3969
3969 3970
3970 3971
3971 3972
3972 3973
3973 3974
3974 3975
3975 3976
3976 3977
3977 3978
3978 3979
3979 3980
3980 3981
3981 3982
3982 3983
3983 3984
3984 3985
3985 3986
3986 3987
3987 3988
3988 3989
3989 3990
3990 3991
3991 3992
3992 3993
3993 3994
3994 3995
3995 3996
3996 3997
3997 3998
3998 3999
3999 4000
4000 4001
4001 4002
4002 4003
4003 4004
4004 4005
4005 4006
4006 4007
4007 4008
4008 4009
4009 4010
4010 4011
4011 4012
4012 4013
4013 4014
4014 4015
4015 4016
4016 4017
4017 4018
4018 4019
4019 4020
4020 4021
4021 4022
4022 4023
4023 4024
4024 4025
4025 4026
4026 4027
4027 4028
4028 4029
4029 4030
4030 4031
4031 4032
4032 4033
4033 4034
4034 4035
4035 4036
4036 4037
4037 4038
4038 4039
4039 4040
4040 4041
4041 4042
4042 4043
4043 4044
4044 4045
4045 4046
4046 4047
4047 4048
4048 4049
4049 4050
4050 4051
4051 4052
4052 4053
4053 4054
4054 4055
4055 4056
4056 4057
4057 4058
4058 4059
4059 4060
4060 4061
4061 4062
4062 4063
4063 4064
4064 4065
4065 4066
4066 4067
4067 4068
4068 4069
4069 4070
4070 4071
4071 4072
4072 4073
4073 4074
4074 4075
4075 4076
4076 4077
4077 4078
4078 4079
4079 4080
4080 4081
4081 4082
4082 4083
4083 4084
4084 4085
4085 4086
4086 4087
4087 4088
4088 4089
4089 4090
4090 4091
4091 4092
4092 4093
4093 4094
4094 4095
4095 4096
4096 4097
4097 4098
4098 4099
4099 4100
4100 4101
4101 4102
4102 4103
4103 4104
4104 4105
4105 4106
4106 4107
4107 4108
4108 4109
4109 4110
4110 4111
4111 4112
4112 4113
4113 4114
4114 4115
4115 4116
4116 4117
4117 4118
4118 4119
4119 4120
4120 4121
4121 4122
4122 4123
4123 4124
4124 4125
4125 4126
4126 4127
4127 4128
4128 4129
4129 4130
4130 4131
4131 4132
4132 4133
4133 4134
4134 4135
4135 4136
4136 4137
4137 4138
4138 4139
4139 4140
4140 4141
4141 4142
4142 4143
4143 4144
4144 4145
4145 4146
4146 4147
4147 4148
4148 4149
4149 4150
4150 4151
4151 4152
4152 4153
4153 4154
4154 4155
4155 4156
4156 4157
4157 4158
4158 4159
4159 4160
4160 4161
4161 4162
4162 4163
4163 4164
4164 4165
4165 4166
4166 4167
4167 4168
4168 4169
4169 4170
4170 4171
4171 4172
4172 4173
4173 4174
4174 4175
4175 4176
4176 4177
4177 4178
4178 4179
4179 4180
4180 4181
4181 4182
4182 4183
4183 4184
4184 4185
4185 4186
4186 4187
4187 4188
4188 4189
4189 4190
4190 4191
4191 4192
4192 4193
4193 4194
4194 4195
4195 4196
4196 4197
4197 4198
4198 4199
4199 4200
4200 4201
4201 4202
4202 4203
4203 4204
4204 4205
4205 4206
4206 4207
4207 4208
4208 4209
4209 4210
4210 4211
4211 4212
4212 4213
4213 4214
4214 4215
4215 4216
4216 4217
4217 4218
4218 4219
4219 4220
4220 4221
4221 4222
4222 4223
4223 4224
4224 4225
4225 4226
4226 4227
4227 4228
4228 4229
4229 4230
4230 4231
4231 4232
4232 4233
4233 4234
4234 4235
4235 4236
4236 4237
4237 4238
4238 4239
4239 4240
4240 4241
4241 4242
4242 4243
4243 4244
4244 4245
4245 4246
4246 4247
4247 4248
4248 4249
4249 4250
4250 4251
4251 4252
4252 4253
4253 4254
4254 4255
4255 4256
4256 4257
4257 4258
4258 4259
4259 4260
4260 4261
4261 4262
4262 4263
4263 4264
4264 4265
4265 4266
4266 4267
4267 4268
4268 4269
4269 4270
4270 4271
4271 4272
4272 4273
4273 4274
4274 4275
4275 4276
4276 4277
4277 4278
4278 4279
4279 4280
4280 4281
4281 4282
4282 4283
4283 4284
4284 4285
4285 4286
4286 4287
4287 4288
4288 4289
4289 4290
4290 4291
4291 4292
4292 4293
4293 4294
4294 4295
4295 4296
4296 4297
4297 4298
4298 4299
4299 4300
4300 4301
4301 4302
4302 4303
4303 4304
4304 4305
4305 4306
4306 4307
4307 4308
4308 4309
4309 4310
4310 4311
4311 4312
4312 4313
4313 4314
4314 4315
4315 4316
4316 4317
4317 4318
4318 4319
4319 4320
4320 4321
4321 4322
4322 4323
4323 4324
4324 4325
4325 4326
4326 4327
4327 4328
4328 4329
4329 4330
4330 4331
4331 4332
4332 4333
4333 4334
4334 4335
4335 4336
4336 4337
4337 4338
4338 4339
4339 4340
4340 4341
4341 4342
4342 4343
4343 4344
4344 4345
4345 4346
4346 4347
4347 4348
4348 4349
4349 4350
4350 4351
4351 4352
4352 4353
4353 4354
4354 4355
4355 4356
4356 4357
4357 4358
4358 4359
4359 4360
4360 4361
4361 4362
4362 4363
4363 4364
4364 4365
4365 4366
4366 4367
4367 4368
4368 4369
4369 4370
4370 4371
4371 4372
4372 4373
4373 4374
4374 4375
4375 4376
4376 4377
4377 4378
4378 4379
4379 4380
4380 4381
4381 4382
4382 4383
4383 4384
4384 4385
4385 4386
4386 4387
4387 4388
4388 4389
4389 4390
4390 4391
4391 4392
4392 4393
4393 4394
4394 4395
4395 4396
4396 4397
4397 4398
4398 4399
4399 4400
4400 4401
4401 4402
4402 4403
4403 4404
4404 4405
4405 4406
4406 4407
4407 4408
4408 4409
4409 4410
4410 4411
4411 4412
4412 4413
4413 4414
4414 4415
4415 4416
4416 4417
4417 4418
4418 4419
4419 4420
4420 4421
4421 4422
4422 4423
4423 4424
4424 4425
4425 4426
4426 4427
4427 4428
4428 4429
4429 4430
4430 4431
4431 4432
4432 4433
4433 4434
4434 4435
4435 4436
4436 4437
4437 4438
4438 4439
4439 4440
4440 4441
4441 4442
4442 4443
4443 4444
4444 4445
4445 4446
4446 4447
4447 4448
4448 4449
4449 4450
4450 4451
4451 4452
4452 4453
4453 4454
4454 4455
4455 4456
4456 4457
4457 4458
4458 4459
4459 4460
4460 4461
4461 4462
4462 4463
4463 4464
4464 4465
4465 4466
4466 4467
4467 4468
4468 4469
4469 4470
4470 4471
4471 4472
4472 4473
4473 4474
4474 4475
4475 4476
4476 4477
4477 4478
4478 4479
4479 4480
4480 4481
4481 4482
4482 4483
4483 4484
4484 4485
4485 4486
4486 4487
4487 4488
4488 4489
4489 4490
4490 4491
4491 4492
4492 4493
4493 4494
4494 4495
4495 4496
4496 4497
4497 4498
4498 4499
4499 4500
4500 4501
4501 4502
4502 4503
4503 4504
4504 4505
4505 4506
4506 4507
4507 4508
4508 4509
4509 4510
4510 4511
4511 4512
4512 4513
4513 4514
4514 4515
4515 4516
4516 4517
4517 4518
4518 4519
4519 4520
4520 4521
4521 4522
4522 4523
4523 4524
4524 4525
4525 4526
4526 4527
4527 4528
4528 4529
4529 4530
4530 4531
4531 4532
4532 4533
4533 4534
4534 4535
4535 4536
4536 4537
4537 4538
4538 4539
4539 4540
4540 4541
4541 4542
4542 4543
4543 4544
4544 4545
4545 4546
4546 4547
4547 4548
4548 4549
4549 4550
4550 4551
4551 4552
4552 4553
4553 4554
4554 4555
4555 4556
4556 4557
4557 4558
4558 4559
4559 4560
4560 4561
4561 4562
4562 4563
4563 4564
4564 4565
4565 4566
4566 4567
4567 4568
4568 4569
4569 4570
4570 4571
4571 4572
4572 4573
4573 4574
4574 4575
4575 4576
4576 4577
4577 4578
4578 4579
4579 4580
4580 4581
4581 4582
4582 4583
4583 4584
4584 4585
4585 4586
4586 4587
4587 4588
4588 4589
4589 4590
4590 4591
4591 4592
4592 4593
4593 4594
4594 4595
4595 4596
4596 4597
4597 4598
4598 4599
4599 4600
4600 4601
4601 4602
4602 4603
4603 4604
4604 4605
4605 4606
4606 4607
4607 4608
4608 4609
4609 4610
4610 4611
4611 4612
4612 4613
4613 4614
4614 4615
4615 4616
4616 4617
4617 4618
4618 4619
4619 4620
4620 4621
4621 4622
4622 4623
4623 4624
4624 4625
4625 4626
4626 4627
4627 4628
4628 4629
4629 4630
4630 4631
4631 4632
4632 4633
4633 4634
4634 4635
4635 4636
4636 4637
4637 4638
4638 4639
4639 4640
4640 4641
4641 4642
4642 4643
4643 4644
4644 4645
4645 4646
4646 4647
4647 4648
4648 4649
4649 4650
4650 4651
4651 4652
4652 4653
4653 4654
4654 4655
4655 4656
4656 4657
4657 4658
4658 4659
4659 4660
4660 4661
4661 4662
4662 4663
4663 4664
4664 4665
4665 4666
4666 4667
4667 4668
4668 4669
4669 4670
4670 4671
4671 4672
4672 4673
4673 4674
4674 4675
4675 4676
4676 4677
4677 4678
4678 4679
4679 4680
4680 4681
4681 4682
4682 4683
4683 4684
4684 4685
4685 4686
4686 4687
4687 4688
4688 4689
4689 4690
4690 4691
4691 4692
4692 4693
4693 4694
4694 4695
4695 4696
4696 4697
4697 4698
4698 4699
4699 4700
4700 4701
4701 4702
4702 4703
4703 4704
4704 4705
4705 4706
4706 4707
4707 4708
4708 4709
4709 4710
4710 4711
4711 4712
4712 4713
4713 4714
4714 4715
4715 4716
4716 4717
4717 4718
4718 4719
4719 4720
4720 4721
4721 4722
4722 4723
4723 4724
4724 4725
4725 4726
4726 4727
4727 4728
4728 4729
4729 4730
4730 4731
4731 4732
4732 4733
4733 4734
4734 4735
4735 4736
4736 4737
4737 4738
4738 4739
4739 4740
4740 4741
4741 4742
4742 4743
4743 4744
4744 4745
4745 4746
4746 4747
4747 4748
4748 4749
4749 4750
4750 4751
4751 4752
4752 4753
4753 4754
4754 4755
4755 4756
4756 4757
4757 4758
4758 4759
4759 4760
4760 4761
4761 4762
4762 4763
4763 4764
4764 4765
4765 4766
4766 4767
4767 4768
4768 4769
4769 4770
4770 4771
4771 4772
4772 4773
4773 4774
4774 4775
4775 4776
4776 4777
4777 4778
4778 4779
4779 4780
4780 4781
4781 4782
4782 4783
4783 4784
4784 4785
4785 4786
4786 4787
4787 4788
4788 4789
4789 4790
4790 4791
4791 4792
4792 4793
4793 4794
4794 4795
4795 4796
4796 4797
4797 4798
4798 4799
4799 4800
4800 4801
4801 4802
4802 4803
4803 4804
4804 4805
4805 4806
4806 4807
4807 4808
4808 4809
4809 4810
4810 4811
4811 4812
4812 4813
4813 4814
4814 4815
4815 4816
4816 4817
4817 4818
4818 4819
4819 4820
4820 4821
4821 4822
4822 4823
4823 4824
4824 4825
4825 4826
4826 4827
4827 4828
4828 4829
4829 4830
4830 4831
4831 4832
4832 4833
4833 4834
4834 4835
4835 4836
4836 4837
4837 4838
4838 4839
4839 4840
4840 4841
4841 4842
4842 4843
4843 4844
4844 4845
4845 4846
4846 4847
4847 4848
4848 4849
4849 4850
4850 4851
4851 4852
4852 4853
4853 4854
4854 4855
4855 4856
4856 4857
4857 4858
4858 4859
4859 4860
4860 4861
4861 4862
4862 4863
4863 4864
4864 4865
4865 4866
4866 4867
4867 4868
4868 4869
4869 4870
4870 4871
4871 4872
4872 4873
4873 4874
4874 4875
4875 4876
4876 4877
4877 4878
4878 4879
4879 4880
4880 4881
4881 4882
4882 4883
4883 4884
4884 4885
4885 4886
4886 4887
4887 4888
4888 4889
4889 4890
4890 4891
4891 4892
4892 4893
4893 4894
4894 4895
4895 4896
4896 4897
4897 4898
4898 4899
4899 4900
4900 4901
4901 4902
4902 4903
4903 4904
4904 4905
4905 4906
4906 4907
4907 4908
4908 4909
4909 4910
4910 4911
4911 4912
4912 4913
4913 4914
4914 4915
4915 4916
4916 4917
4917 4918
4918 4919
4919 4920
4920 4921
4921 4922
4922 4923
4923 4924
4924 4925
4925 4926
4926 4927
4927 4928
4928 4929
4929 4930
4930 4931
4931 4932
4932 4933
4933 4934
4934 4935
4935 4936
4936 4937
4937 4938
4938 4939
4939 4940
4940 4941
4941 4942
4942 4943
4943 4944
4944 4945
4945 4946
4946 4947
4947 4948
4948 4949
4949 4950
4950 4951
4951 4952
4952 4953
4953 4954
4954 4955
4955 4956
4956 4957
4957 4958
4958 4959
4959 4960
4960 4961
4961 4962
4962 4963
4963 4964
4964 4965
4965 4966
4966 4967
4967 4968
4968 4969
4969 4970
4970 4971
4971 4972
4972 4973
4973 4974
4974 4975
4975 4976
4976 4977
4977 4978
4978 4979
4979 4980
4980 4981
4981 4982
4982 4983
4983 4984
4984 4985
4985 4986
4986 4987
4987 4988
4988 4989
4989 4990
4990 4991
4991 4992
4992 4993
4993 4994
4994 4995
4995 4996
4996 4997
4997 4998
4998 4999
300 5000
300 5001
300 5002
300 5003
300 5004
300 5005
300 5006
300 5007
300 5008
300 5009
300 5010
300 5011
300 5012
300 5013
300 5014
300 5015
300 5016
300 5017
300 5018
300 5019
300 5020
300 5021
300 5022
300 5023
300 5024
300 5025
300 5026
300 5027
300 5028
300 5029
300 5030
300 5031
300 5032
300 5033
300 5034
300 5035
300 5036
300 5037
300 5038
300 5039
300 5040
300 5041
300 5042
300 5043
300 5044
300 5045
300 5046
300 5047
300 5048
300 5049
300 5050
300 5051
300 5052
300 5053
300 5054
300 5055
300 5056
300 5057
300 5058
300 5059
300 5060
300 5061
300 5062
300 5063
300 5064
300 5065
300 5066
300 5067
300 5068
300 5069
300 5070
300 5071
300 5072
300 5073
300 5074
300 5075
300 5076
300 5077
300 5078
300 5079
300 5080
300 5081
300 5082
300 5083
300 5084
300 5085
300 5086
300 5087
300 5088
300 5089
300 5090
300 5091
300 5092
300 5093
300 5094
300 5095
300 5096
300 5097
300 5098
300 5099
300 5100
300 5101
300 5102
300 5103
300 5104
300 5105
300 5106
300 5107
300 5108
300 5109
300 5110
300 5111
300 5112
300 5113
300 5114
300 5115
300 5116
300 5117
300 5118
300 5119
300 5120
300 5121
300 5122
300 5123
300 5124
300 5125
300 5126
300 5127
300 5128
300 5129
300 5130
300 5131
300 5132
300 5133
300 5134
300 5135
300 5136
300 5137
300 5138
300 5139
300 5140
300 5141
300 5142
300 5143
300 5144
300 5145
300 5146
300 5147
300 5148
300 5149
300 5150
300 5151
300 5152
300 5153
300 5154
300 5155
300 5156
300 5157
300 5158
300 5159
300 5160
300 5161
300 5162
300 5163
300 5164
300 5165
300 5166
300 5167
300 5168
300 5169
300 5170
300 5171
300 5172
300 5173
300 5174
300 5175
300 5176
300 5177
300 5178
300 5179
300 5180
300 5181
300 5182
300 5183
300 5184
300 5185
300 5186
300 5187
300 5188
300 5189
300 5190
300 5191
300 5192
300 5193
300 5194
300 5195
300 5196
300 5197
300 5198
300 5199
300 5200
300 5201
300 5202
300 5203
300 5204
300 5205
300 5206
300 5207
300 5208
300 5209
300 5210
300 5211
300 5212
300 5213
300 5214
300 5215
300 5216
300 5217
300 5218
300 5219
300 5220
300 5221
300 5222
300 5223
300 5224
300 5225
300 5226
300 5227
300 5228
300 5229
300 5230
300 5231
300 5232
300 5233
300 5234
300 5235
300 5236
300 5237
300 5238
300 5239
300 5240
300 5241
300 5242
300 5243
300 5244
300 5245
300 5246
300 5247
300 5248
300 5249
300 5250
300 5251
300 5252
300 5253
300 5254
300 5255
300 5256
300 5257
300 5258
300 5259
300 5260
300 5261
300 5262
300 5263
300 5264
300 5265
300 5266
300 5267
300 5268
300 5269
300 5270
300 5271
300 5272
300 5273
300 5274
300 5275
300 5276
300 5277
300 5278
300 5279
300 5280
300 5281
300 5282
300 5283
300 5284
300 5285
300 5286
300 5287
300 5288
300 5289
300 5290
300 5291
300 5292
300 5293
300 5294
300 5295
300 5296
300 5297
300 5298
300 5299
300 5300
300 5301
300 5302
300 5303
300 5304
300 5305
300 5306
300 5307
300 5308
300 5309
300 5310
300 5311
300 5312
300 5313
300 5314
300 5315
300 5316
300 5317
300 5318
300 5319
300 5320
300 5321
300 5322
300 5323
300 5324
300 5325
300 5326
300 5327
300 5328
300 5329
300 5330
300 5331
300 5332
300 5333
300 5334
300 5335
300 5336
300 5337
300 5338
300 5339
300 5340
300 5341
300 5342
300 5343
300 5344
300 5345
300 5346
300 5347
300 5348
300 5349
300 5350
300 5351
300 5352
300 5353
300 5354
300 5355
300 5356
300 5357
300 5358
300 5359
300 5360
300 5361
300 5362
300 5363
300 5364
300 5365
300 5366
300 5367
300 5368
300 5369
300 5370
300 5371
300 5372
300 5373
300 5374
300 5375
300 5376
300 5377
300 5378
300 5379
300 5380
300 5381
300 5382
300 5383
300 5384
300 5385
300 5386
300 5387
300 5388
300 5389
300 5390
300 5391
300 5392
300 5393
300 5394
300 5395
300 5396
300 5397
300 5398
300 5399
300 5400
300 5401
300 5402
300 5403
300 5404
300 5405
300 5406
300 5407
300 5408
300 5409
300 5410
300 5411
300 5412
300 5413
300 5414
300 5415
300 5416
300 5417
300 5418
300 5419
300 5420
300 5421
300 5422
300 5423
300 5424
300 5425
300 5426
300 5427
300 5428
300 5429
300 5430
300 5431
300 5432
300 5433
300 5434
300 5435
300 5436
300 5437
300 5438
300 5439
300 5440
300 5441
300 5442
300 5443
300 5444
300 5445
300 5446
300 5447
300 5448
300 5449
300 5450
300 5451
300 5452
300 5453
300 5454
300 5455
300 5456
300 5457
300 5458
300 5459
300 5460
300 5461
300 5462
300 5463
300 5464
300 5465
300 5466
300 5467
300 5468
300 5469
300 5470
300 5471
300 5472
300 5473
300 5474
300 5475
300 5476
300 5477
300 5478
300 5479
300 5480
300 5481
300 5482
300 5483
300 5484
300 5485
300 5486
300 5487
300 5488
300 5489
300 5490
300 5491
300 5492
300 5493
300 5494
300 5495
300 5496
300 5497
300 5498
300 5499
300 5500
300 5501
300 5502
300 5503
300 5504
300 5505
300 5506
300 5507
300 5508
300 5509
300 5510
300 5511
300 5512
300 5513
300 5514
300 5515
300 5516
300 5517
300 5518
300 5519
300 5520
300 5521
300 5522
300 5523
300 5524
300 5525
300 5526
300 5527
300 5528
300 5529
300 5530
300 5531
300 5532
300 5533
300 5534
300 5535
300 5536
300 5537
300 5538
300 5539
300 5540
300 5541
300 5542
300 5543
300 5544
300 5545
300 5546
300 5547
300 5548
300 5549
300 5550
300 5551
300 5552
300 5553
300 5554
300 5555
300 5556
300 5557
300 5558
300 5559
300 5560
300 5561
300 5562
300 5563
300 5564
300 5565
300 5566
300 5567
300 5568
300 5569
300 5570
300 5571
300 5572
300 5573
300 5574
300 5575
300 5576
300 5577
300 5578
300 5579
300 5580
300 5581
300 5582
300 5583
300 5584
300 5585
300 5586
300 5587
300 5588
300 5589
300 5590
300 5591
300 5592
300 5593
300 5594
300 5595
300 5596
300 5597
300 5598
300 5599
300 5600
300 5601
300 5602
300 5603
300 5604
300 5605
300 5606
300 5607
300 5608
300 5609
300 5610
300 5611
300 5612
300 5613
300 5614
300 5615
300 5616
300 5617
300 5618
300 5619
300 5620
300 5621
300 5622
300 5623
300 5624
300 5625
300 5626
300 5627
300 5628
300 5629
300 5630
300 5631
300 5632
300 5633
300 5634
300 5635
300 5636
300 5637
300 5638
300 5639
300 5640
300 5641
300 5642
300 5643
300 5644
300 5645
300 5646
300 5647
300 5648
300 5649
300 5650
300 5651
300 5652
300 5653
300 5654
300 5655
300 5656
300 5657
300 5658
300 5659
300 5660
300 5661
300 5662
300 5663
300 5664
300 5665
300 5666
300 5667
300 5668
300 5669
300 5670
300 5671
300 5672
300 5673
300 5674
300 5675
300 5676
300 5677
300 5678
300 5679
300 5680
300 5681
300 5682
300 5683
300 5684
300 5685
300 5686
300 5687
300 5688
300 5689
300 5690
300 5691
300 5692
300 5693
300 5694
300 5695
300 5696
300 5697
300 5698
300 5699
300 5700
300 5701
300 5702
300 5703
300 5704
300 5705
300 5706
300 5707
300 5708
300 5709
300 5710
300 5711
300 5712
300 5713
300 5714
300 5715
300 5716
300 5717
300 5718
300 5719
300 5720
300 5721
300 5722
300 5723
300 5724
300 5725
300 5726
300 5727
300 5728
300 5729
300 5730
300 5731
300 5732
300 5733
300 5734
300 5735
300 5736
300 5737
300 5738
300 5739
300 5740
300 5741
300 5742
300 5743
300 5744
300 5745
300 5746
300 5747
300 5748
300 5749
300 5750
300 5751
300 5752
300 5753
300 5754
300 5755
300 5756
300 5757
300 5758
300 5759
300 5760
300 5761
300 5762
300 5763
300 5764
300 5765
300 5766
300 5767
300 5768
300 5769
300 5770
300 5771
300 5772
300 5773
300 5774
300 5775
300 5776
300 5777
300 5778
300 5779
300 5780
300 5781
300 5782
300 5783
300 5784
300 5785
300 5786
300 5787
300 5788
300 5789
300 5790
300 5791
300 5792
300 5793
300 5794
300 5795
300 5796
300 5797
300 5798
300 5799
300 5800
300 5801
300 5802
300 5803
300 5804
300 5805
300 5806
300 5807
300 5808
300 5809
300 5810
300 5811
300 5812
300 5813
300 5814
300 5815
300 5816
300 5817
300 5818
300 5819
300 5820
300 5821
300 5822
300 5823
300 5824
300 5825
300 5826
300 5827
300 5828
300 5829
300 5830
300 5831
300 5832
300 5833
300 5834
300 5835
300 5836
300 5837
300 5838
300 5839
300 5840
300 5841
300 5842
300 5843
300 5844
300 5845
300 5846
300 5847
300 5848
300 5849
300 5850
300 5851
300 5852
300 5853
300 5854
300 5855
300 5856
300 5857
300 5858
300 5859
300 5860
300 5861
300 5862
300 5863
300 5864
300 5865
300 5866
300 5867
300 5868
300 5869
300 5870
300 5871
300 5872
300 5873
300 5874
300 5875
300 5876
300 5877
300 5878
300 5879
300 5880
300 5881
300 5882
300 5883
300 5884
300 5885
300 5886
300 5887
300 5888
300 5889
300 5890
300 5891
300 5892
300 5893
300 5894
300 5895
300 5896
300 5897
300 5898
300 5899
300 5900
300 5901
300 5902
300 5903
300 5904
300 5905
300 5906
300 5907
300 5908
300 5909
300 5910
300 5911
300 5912
300 5913
300 5914
300 5915
300 5916
300 5917
300 5918
300 5919
300 5920
300 5921
300 5922
300 5923
300 5924
300 5925
300 5926
300 5927
300 5928
300 5929
300 5930
300 5931
300 5932
300 5933
300 5934
300 5935
300 5936
300 5937
300 5938
300 5939
300 5940
300 5941
300 5942
300 5943
300 5944
300 5945
300 5946
300 5947
300 5948
300 5949
300 5950
300 5951
300 5952
300 5953
300 5954
300 5955
300 5956
300 5957
300 5958
300 5959
300 5960
300 5961
300 5962
300 5963
300 5964
300 5965
300 5966
300 5967
300 5968
300 5969
300 5970
300 5971
300 5972
300 5973
300 5974
300 5975
300 5976
300 5977
300 5978
300 5979
300 5980
300 5981
300 5982
300 5983
300 5984
300 5985
300 5986
300 5987
300 5988
300 5989
300 5990
300 5991
300 5992
300 5993
300 5994
300 5995
300 5996
300 5997
300 5998
300 5999
300 6000
300 6001
300 6002
300 6003
300 6004
300 6005
300 6006
300 6007
300 6008
300 6009
300 6010
300 6011
300 6012
300 6013
300 6014
300 6015
300 6016
300 6017
300 6018
300 6019
300 6020
300 6021
300 6022
300 6023
300 6024
300 6025
300 6026
300 6027
300 6028
300 6029
300 6030
300 6031
300 6032
300 6033
300 6034
300 6035
300 6036
300 6037
300 6038
300 6039
300 6040
300 6041
300 6042
300 6043
300 6044
300 6045
300 6046
300 6047
300 6048
300 6049
300 6050
300 6051
300 6052
300 6053
300 6054
300 6055
300 6056
300 6057
300 6058
300 6059
300 6060
300 6061
300 6062
300 6063
300 6064
300 6065
300 6066
300 6067
300 6068
300 6069
300 6070
300 6071
300 6072
300 6073
300 6074
300 6075
300 6076
300 6077
300 6078
300 6079
300 6080
300 6081
300 6082
300 6083
300 6084
300 6085
300 6086
300 6087
300 6088
300 6089
300 6090
300 6091
300 6092
300 6093
300 6094
300 6095
300 6096
300 6097
300 6098
300 6099
300 6100
300 6101
300 6102
300 6103
300 6104
300 6105
300 6106
300 6107
300 6108
300 6109
300 6110
300 6111
300 6112
300 6113
300 6114
300 6115
300 6116
300 6117
300 6118
300 6119
300 6120
300 6121
300 6122
300 6123
300 6124
300 6125
300 6126
300 6127
300 6128
300 6129
300 6130
300 6131
300 6132
300 6133
300 6134
300 6135
300 6136
300 6137
300 6138
300 6139
300 6140
300 6141
300 6142
300 6143
300 6144
300 6145
300 6146
300 6147
300 6148
300 6149
300 6150
300 6151
300 6152
300 6153
300 6154
300 6155
300 6156
300 6157
300 6158
300 6159
300 6160
300 6161
300 6162
300 6163
300 6164
300 6165
300 6166
300 6167
300 6168
300 6169
300 6170
300 6171
300 6172
300 6173
300 6174
300 6175
300 6176
300 6177
300 6178
300 6179
300 6180
300 6181
300 6182
300 6183
300 6184
300 6185
300 6186
300 6187
300 6188
300 6189
300 6190
300 6191
300 6192
300 6193
300 6194
300 6195
300 6196
300 6197
300 6198
300 6199
300 6200
300 6201
300 6202
300 6203
300 6204
300 6205
300 6206
300 6207
300 6208
300 6209
300 6210
300 6211
300 6212
300 6213
300 6214
300 6215
300 6216
300 6217
300 6218
300 6219
300 6220
300 6221
300 6222
300 6223
300 6224
300 6225
300 6226
300 6227
300 6228
300 6229
300 6230
300 6231
300 6232
300 6233
300 6234
300 6235
300 6236
300 6237
300 6238
300 6239
300 6240
300 6241
300 6242
300 6243
300 6244
300 6245
300 6246
300 6247
300 6248
300 6249
300 6250
300 6251
300 6252
300 6253
300 6254
300 6255
300 6256
300 6257
300 6258
300 6259
300 6260
300 6261
300 6262
300 6263
300 6264
300 6265
300 6266
300 6267
300 6268
300 6269
300 6270
300 6271
300 6272
300 6273
300 6274
300 6275
300 6276
300 6277
300 6278
300 6279
300 6280
300 6281
300 6282
300 6283
300 6284
300 6285
300 6286
300 6287
300 6288
300 6289
300 6290
300 6291
300 6292
300 6293
300 6294
300 6295
300 6296
300 6297
300 6298
300 6299
300 6300
300 6301
300 6302
300 6303
300 6304
300 6305
300 6306
300 6307
300 6308
300 6309
300 6310
300 6311
300 6312
300 6313
300 6314
300 6315
300 6316
300 6317
300 6318
300 6319
300 6320
300 6321
300 6322
300 6323
300 6324
300 6325
300 6326
300 6327
300 6328
300 6329
300 6330
300 6331
300 6332
300 6333
300 6334
300 6335
300 6336
300 6337
300 6338
300 6339
300 6340
300 6341
300 6342
300 6343
300 6344
300 6345
300 6346
300 6347
300 6348
300 6349
300 6350
300 6351
300 6352
300 6353
300 6354
300 6355
300 6356
300 6357
300 6358
300 6359
300 6360
300 6361
300 6362
300 6363
300 6364
300 6365
300 6366
300 6367
300 6368
300 6369
300 6370
300 6371
300 6372
300 6373
300 6374
300 6375
300 6376
300 6377
300 6378
300 6379
300 6380
300 6381
300 6382
300 6383
300 6384
300 6385
300 6386
300 6387
300 6388
300 6389
300 6390
300 6391
300 6392
300 6393
300 6394
300 6395
300 6396
300 6397
300 6398
300 6399
300 6400
300 6401
300 6402
300 6403
300 6404
300 6405
300 6406
300 6407
300 6408
300 6409
300 6410
300 6411
300 6412
300 6413
300 6414
300 6415
300 6416
300 6417
300 6418
300 6419
300 6420
300 6421
300 6422
300 6423
300 6424
300 6425
300 6426
300 6427
300 6428
300 6429
300 6430
300 6431
300 6432
300 6433
300 6434
300 6435
300 6436
300 6437
300 6438
300 6439
300 6440
300 6441
300 6442
300 6443
300 6444
300 6445
300 6446
300 6447
300 6448
300 6449
300 6450
300 6451
300 6452
300 6453
300 6454
300 6455
300 6456
300 6457
300 6458
300 6459
300 6460
300 6461
300 6462
300 6463
300 6464
300 6465
300 6466
300 6467
300 6468
300 6469
300 6470
300 6471
300 6472
300 6473
300 6474
300 6475
300 6476
300 6477
300 6478
300 6479
300 6480
300 6481
300 6482
300 6483
300 6484
300 6485
300 6486
300 6487
300 6488
300 6489
300 6490
300 6491
300 6492
300 6493
300 6494
300 6495
300 6496
300 6497
300 6498
300 6499
300 6500
300 6501
300 6502
300 6503
300 6504
300 6505
300 6506
300 6507
300 6508
300 6509
300 6510
300 6511
300 6512
300 6513
300 6514
300 6515
300 6516
300 6517
300 6518
300 6519
300 6520
300 6521
300 6522
300 6523
300 6524
300 6525
300 6526
300 6527
300 6528
300 6529
300 6530
300 6531
300 6532
300 6533
300 6534
300 6535
300 6536
300 6537
300 6538
300 6539
300 6540
300 6541
300 6542
300 6543
300 6544
300 6545
300 6546
300 6547
300 6548
300 6549
300 6550
300 6551
300 6552
300 6553
300 6554
300 6555
300 6556
300 6557
300 6558
300 6559
300 6560
300 6561
300 6562
300 6563
300 6564
300 6565
300 6566
300 6567
300 6568
300 6569
300 6570
300 6571
300 6572
300 6573
300 6574
300 6575
300 6576
300 6577
300 6578
300 6579
300 6580
300 6581
300 6582
300 6583
300 6584
300 6585
300 6586
300 6587
300 6588
300 6589
300 6590
300 6591
300 6592
300 6593
300 6594
300 6595
300 6596
300 6597
300 6598
300 6599
300 6600
300 6601
300 6602
300 6603
300 6604
300 6605
300 6606
300 6607
300 6608
300 6609
300 6610
300 6611
300 6612
300 6613
300 6614
300 6615
300 6616
300 6617
300 6618
300 6619
300 6620
300 6621
300 6622
300 6623
300 6624
300 6625
300 6626
300 6627
300 6628
300 6629
300 6630
300 6631
300 6632
300 6633
300 6634
300 6635
300 6636
300 6637
300 6638
300 6639
300 6640
300 6641
300 6642
300 6643
300 6644
300 6645
300 6646
300 6647
300 6648
300 6649
300 6650
300 6651
300 6652
300 6653
300 6654
300 6655
300 6656
300 6657
300 6658
300 6659
300 6660
300 6661
300 6662
300 6663
300 6664
300 6665
300 6666
300 6667
300 6668
300 6669
300 6670
300 6671
300 6672
300 6673
300 6674
300 6675
300 6676
300 6677
300 6678
300 6679
300 6680
300 6681
300 6682
300 6683
300 6684
300 6685
300 6686
300 6687
300 6688
300 6689
300 6690
300 6691
300 6692
300 6693
300 6694
300 6695
300 6696
300 6697
300 6698
300 6699
300 6700
300 6701
300 6702
300 6703
300 6704
300 6705
300 6706
300 6707
300 6708
300 6709
300 6710
300 6711
300 6712
300 6713
300 6714
300 6715
300 6716
300 6717
300 6718
300 6719
300 6720
300 6721
300 6722
300 6723
300 6724
300 6725
300 6726
300 6727
300 6728
300 6729
300 6730
300 6731
300 6732
300 6733
300 6734
300 6735
300 6736
300 6737
300 6738
300 6739
300 6740
300 6741
300 6742
300 6743
300 6744
300 6745
300 6746
300 6747
300 6748
300 6749
300 6750
300 6751
300 6752
300 6753
300 6754
300 6755
300 6756
300 6757
300 6758
300 6759
300 6760
300 6761
300 6762
300 6763
300 6764
300 6765
300 6766
300 6767
300 6768
300 6769
300 6770
300 6771
300 6772
300 6773
300 6774
300 6775
300 6776
300 6777
300 6778
300 6779
300 6780
300 6781
300 6782
300 6783
300 6784
300 6785
300 6786
300 6787
300 6788
300 6789
300 6790
300 6791
300 6792
300 6793
300 6794
300 6795
300 6796
300 6797
300 6798
300 6799
300 6800
300 6801
300 6802
300 6803
300 6804
300 6805
300 6806
300 6807
300 6808
300 6809
300 6810
300 6811
300 6812
300 6813
300 6814
300 6815
300 6816
300 6817
300 6818
300 6819
300 6820
300 6821
300 6822
300 6823
300 6824
300 6825
300 6826
300 6827
300 6828
300 6829
300 6830
300 6831
300 6832
300 6833
300 6834
300 6835
300 6836
300 6837
300 6838
300 6839
300 6840
300 6841
300 6842
300 6843
300 6844
300 6845
300 6846
300 6847
300 6848
300 6849
300 6850
300 6851
300 6852
300 6853
300 6854
300 6855
300 6856
300 6857
300 6858
300 6859
300 6860
300 6861
300 6862
300 6863
300 6864
300 6865
300 6866
300 6867
300 6868
300 6869
300 6870
300 6871
300 6872
300 6873
300 6874
300 6875
300 6876
300 6877
300 6878
300 6879
300 6880
300 6881
300 6882
300 6883
300 6884
300 6885
300 6886
300 6887
300 6888
300 6889
300 6890
300 6891
300 6892
300 6893
300 6894
300 6895
300 6896
300 6897
300 6898
300 6899
300 6900
300 6901
300 6902
300 6903
300 6904
300 6905
300 6906
300 6907
300 6908
300 6909
300 6910
300 6911
300 6912
300 6913
300 6914
300 6915
300 6916
300 6917
300 6918
300 6919
300 6920
300 6921
300 6922
300 6923
300 6924
300 6925
300 6926
300 6927
300 6928
300 6929
300 6930
300 6931
300 6932
300 6933
300 6934
300 6935
300 6936
300 6937
300 6938
300 6939
300 6940
300 6941
300 6942
300 6943
300 6944
300 6945
300 6946
300 6947
300 6948
300 6949
300 6950
300 6951
300 6952
300 6953
300 6954
300 6955
300 6956
300 6957
300 6958
300 6959
300 6960
300 6961
300 6962
300 6963
300 6964
300 6965
300 6966
300 6967
300 6968
300 6969
300 6970
300 6971
300 6972
300 6973
300 6974
300 6975
300 6976
300 6977
300 6978
300 6979
300 6980
300 6981
300 6982
300 6983
300 6984
300 6985
300 6986
300 6987
300 6988
300 6989
300 6990
300 6991
300 6992
300 6993
300 6994
300 6995
300 6996
300 6997
300 6998
300 6999
300 7000
300 7001
300 7002
300 7003
300 7004
300 7005
300 7006
300 7007
300 7008
300 7009
300 7010
300 7011
300 7012
300 7013
300 7014
300 7015
300 7016
300 7017
300 7018
300 7019
300 7020
300 7021
300 7022
300 7023
300 7024
300 7025
300 7026
300 7027
300 7028
300 7029
300 7030
300 7031
300 7032
300 7033
300 7034
300 7035
300 7036
300 7037
300 7038
300 7039
300 7040
300 7041
300 7042
300 7043
300 7044
300 7045
300 7046
300 7047
300 7048
300 7049
300 7050
300 7051
300 7052
300 7053
300 7054
300 7055
300 7056
300 7057
300 7058
300 7059
300 7060
300 7061
300 7062
300 7063
300 7064
300 7065
300 7066
300 7067
300 7068
300 7069
300 7070
300 7071
300 7072
300 7073
300 7074
300 7075
300 7076
300 7077
300 7078
300 7079
300 7080
300 7081
300 7082
300 7083
300 7084
300 7085
300 7086
300 7087
300 7088
300 7089
300 7090
300 7091
300 7092
300 7093
300 7094
300 7095
300 7096
300 7097
300 7098
300 7099
300 7100
300 7101
300 7102
300 7103
300 7104
300 7105
300 7106
300 7107
300 7108
300 7109
300 7110
300 7111
300 7112
300 7113
300 7114
300 7115
300 7116
300 7117
300 7118
300 7119
300 7120
300 7121
300 7122
300 7123
300 7124
300 7125
300 7126
300 7127
300 7128
300 7129
300 7130
300 7131
300 7132
300 7133
300 7134
300 7135
300 7136
300 7137
300 7138
300 7139
300 7140
300 7141
300 7142
300 7143
300 7144
300 7145
300 7146
300 7147
300 7148
300 7149
300 7150
300 7151
300 7152
300 7153
300 7154
300 7155
300 7156
300 7157
300 7158
300 7159
300 7160
300 7161
300 7162
300 7163
300 7164
300 7165
300 7166
300 7167
300 7168
300 7169
300 7170
300 7171
300 7172
300 7173
300 7174
300 7175
300 7176
300 7177
300 7178
300 7179
300 7180
300 7181
300 7182
300 7183
300 7184
300 7185
300 7186
300 7187
300 7188
300 7189
300 7190
300 7191
300 7192
300 7193
300 7194
300 7195
300 7196
300 7197
300 7198
300 7199
300 7200
300 7201
300 7202
300 7203
300 7204
300 7205
300 7206
300 7207
300 7208
300 7209
300 7210
300 7211
300 7212
300 7213
300 7214
300 7215
300 7216
300 7217
300 7218
300 7219
300 7220
300 7221
300 7222
300 7223
300 7224
300 7225
300 7226
300 7227
300 7228
300 7229
300 7230
300 7231
300 7232
300 7233
300 7234
300 7235
300 7236
300 7237
300 7238
300 7239
300 7240
300 7241
300 7242
300 7243
300 7244
300 7245
300 7246
300 7247
300 7248
300 7249
300 7250
300 7251
300 7252
300 7253
300 7254
300 7255
300 7256
300 7257
300 7258
300 7259
300 7260
300 7261
300 7262
300 7263
300 7264
300 7265
300 7266
300 7267
300 7268
300 7269
300 7270
300 7271
300 7272
300 7273
300 7274
300 7275
300 7276
300 7277
300 7278
300 7279
300 7280
300 7281
300 7282
300 7283
300 7284
300 7285
300 7286
300 7287
300 7288
300 7289
300 7290
300 7291
300 7292
300 7293
300 7294
300 7295
300 7296
300 7297
300 7298
300 7299
300 7300
300 7301
300 7302
300 7303
300 7304
300 7305
300 7306
300 7307
300 7308
300 7309
300 7310
300 7311
300 7312
300 7313
300 7314
300 7315
300 7316
300 7317
300 7318
300 7319
300 7320
300 7321
300 7322
300 7323
300 7324
300 7325
300 7326
300 7327
300 7328
300 7329
300 7330
300 7331
300 7332
300 7333
300 7334
300 7335
300 7336
300 7337
300 7338
300 7339
300 7340
300 7341
300 7342
300 7343
300 7344
300 7345
300 7346
300 7347
300 7348
300 7349
300 7350
300 7351
300 7352
300 7353
300 7354
300 7355
300 7356
300 7357
300 7358
300 7359
300 7360
300 7361
300 7362
300 7363
300 7364
300 7365
300 7366
300 7367
300 7368
300 7369
300 7370
300 7371
300 7372
300 7373
300 7374
300 7375
300 7376
300 7377
300 7378
300 7379
300 7380
300 7381
300 7382
300 7383
300 7384
300 7385
300 7386
300 7387
300 7388
300 7389
300 7390
300 7391
300 7392
300 7393
300 7394
300 7395
300 7396
300 7397
300 7398
300 7399
300 7400
300 7401
300 7402
300 7403
300 7404
300 7405
300 7406
300 7407
300 7408
300 7409
300 7410
300 7411
300 7412
300 7413
300 7414
300 7415
300 7416
300 7417
300 7418
300 7419
300 7420
300 7421
300 7422
300 7423
300 7424
300 7425
300 7426
300 7427
300 7428
300 7429
300 7430
300 7431
300 7432
300 7433
300 7434
300 7435
300 7436
300 7437
300 7438
300 7439
300 7440
300 7441
300 7442
300 7443
300 7444
300 7445
300 7446
300 7447
300 7448
300 7449
300 7450
300 7451
300 7452
300 7453
300 7454
300 7455
300 7456
300 7457
300 7458
300 7459
300 7460
300 7461
300 7462
300 7463
300 7464
300 7465
300 7466
300 7467
300 7468
300 7469
300 7470
300 7471
300 7472
300 7473
300 7474
300 7475
300 7476
300 7477
300 7478
300 7479
300 7480
300 7481
300 7482
300 7483
300 7484
300 7485
300 7486
300 7487
300 7488
300 7489
300 7490
300 7491
300 7492
300 7493
300 7494
300 7495
300 7496
300 7497
300 7498
300 7499
300 7500
300 7501
300 7502
300 7503
300 7504
300 7505
300 7506
300 7507
300 7508
300 7509
300 7510
300 7511
300 7512
300 7513
300 7514
300 7515
300 7516
300 7517
300 7518
300 7519
300 7520
300 7521
300 7522
300 7523
300 7524
300 7525
300 7526
300 7527
300 7528
300 7529
300 7530
300 7531
300 7532
300 7533
300 7534
300 7535
300 7536
300 7537
300 7538
300 7539
300 7540
300 7541
300 7542
300 7543
300 7544
300 7545
300 7546
300 7547
300 7548
300 7549
300 7550
300 7551
300 7552
300 7553
300 7554
300 7555
300 7556
300 7557
300 7558
300 7559
300 7560
300 7561
300 7562
300 7563
300 7564
300 7565
300 7566
300 7567
300 7568
300 7569
300 7570
300 7571
300 7572
300 7573
300 7574
300 7575
300 7576
300 7577
300 7578
300 7579
300 7580
300 7581
300 7582
300 7583
300 7584
300 7585
300 7586
300 7587
300 7588
300 7589
300 7590
300 7591
300 7592
300 7593
300 7594
300 7595
300 7596
300 7597
300 7598
300 7599
300 7600
300 7601
300 7602
300 7603
300 7604
300 7605
300 7606
300 7607
300 7608
300 7609
300 7610
300 7611
300 7612
300 7613
300 7614
300 7615
300 7616
300 7617
300 7618
300 7619
300 7620
300 7621
300 7622
300 7623
300 7624
300 7625
300 7626
300 7627
300 7628
300 7629
300 7630
300 7631
300 7632
300 7633
300 7634
300 7635
300 7636
300 7637
300 7638
300 7639
300 7640
300 7641
300 7642
300 7643
300 7644
300 7645
300 7646
300 7647
300 7648
300 7649
300 7650
300 7651
300 7652
300 7653
300 7654
300 7655
300 7656
300 7657
300 7658
300 7659
300 7660
300 7661
300 7662
300 7663
300 7664
300 7665
300 7666
300 7667
300 7668
300 7669
300 7670
300 7671
300 7672
300 7673
300 7674
300 7675
300 7676
300 7677
300 7678
300 7679
300 7680
300 7681
300 7682
300 7683
300 7684
300 7685
300 7686
300 7687
300 7688
300 7689
300 7690
300 7691
300 7692
300 7693
300 7694
300 7695
300 7696
300 7697
300 7698
300 7699
300 7700
300 7701
300 7702
300 7703
300 7704
300 7705
300 7706
300 7707
300 7708
300 7709
300 7710
300 7711
300 7712
300 7713
300 7714
300 7715
300 7716
300 7717
300 7718
300 7719
300 7720
300 7721
300 7722
300 7723
300 7724
300 7725
300 7726
300 7727
300 7728
300 7729
300 7730
300 7731
300 7732
300 7733
300 7734
300 7735
300 7736
300 7737
300 7738
300 7739
300 7740
300 7741
300 7742
300 7743
300 7744
300 7745
300 7746
300 7747
300 7748
300 7749
300 7750
300 7751
300 7752
300 7753
300 7754
300 7755
300 7756
300 7757
300 7758
300 7759
300 7760
300 7761
300 7762
300 7763
300 7764
300 7765
300 7766
300 7767
300 7768
300 7769
300 7770
300 7771
300 7772
300 7773
300 7774
300 7775
300 7776
300 7777
300 7778
300 7779
300 7780
300 7781
300 7782
300 7783
300 7784
300 7785
300 7786
300 7787
300 7788
300 7789
300 7790
300 7791
300 7792
300 7793
300 7794
300 7795
300 7796
300 7797
300 7798
300 7799
300 7800
300 7801
300 7802
300 7803
300 7804
300 7805
300 7806
300 7807
300 7808
300 7809
300 7810
300 7811
300 7812
300 7813
300 7814
300 7815
300 7816
300 7817
300 7818
300 7819
300 7820
300 7821
300 7822
300 7823
300 7824
300 7825
300 7826
300 7827
300 7828
300 7829
300 7830
300 7831
300 7832
300 7833
300 7834
300 7835
300 7836
300 7837
300 7838
300 7839
300 7840
300 7841
300 7842
300 7843
300 7844
300 7845
300 7846
300 7847
300 7848
300 7849
300 7850
300 7851
300 7852
300 7853
300 7854
300 7855
300 7856
300 7857
300 7858
300 7859
300 7860
300 7861
300 7862
300 7863
300 7864
300 7865
300 7866
300 7867
300 7868
300 7869
300 7870
300 7871
300 7872
300 7873
300 7874
300 7875
300 7876
300 7877
300 7878
300 7879
300 7880
300 7881
300 7882
300 7883
300 7884
300 7885
300 7886
300 7887
300 7888
300 7889
300 7890
300 7891
300 7892
300 7893
300 7894
300 7895
300 7896
300 7897
300 7898
300 7899
300 7900
300 7901
300 7902
300 7903
300 7904
300 7905
300 7906
300 7907
300 7908
300 7909
300 7910
300 7911
300 7912
300 7913
300 7914
300 7915
300 7916
300 7917
300 7918
300 7919
300 7920
300 7921
300 7922
300 7923
300 7924
300 7925
300 7926
300 7927
300 7928
300 7929
300 7930
300 7931
300 7932
300 7933
300 7934
300 7935
300 7936
300 7937
300 7938
300 7939
300 7940
300 7941
300 7942
300 7943
300 7944
300 7945
300 7946
300 7947
300 7948
300 7949
300 7950
300 7951
300 7952
300 7953
300 7954
300 7955
300 7956
300 7957
300 7958
300 7959
300 7960
300 7961
300 7962
300 7963
300 7964
300 7965
300 7966
300 7967
300 7968
300 7969
300 7970
300 7971
300 7972
300 7973
300 7974
300 7975
300 7976
300 7977
300 7978
300 7979
300 7980
300 7981
300 7982
300 7983
300 7984
300 7985
300 7986
300 7987
300 7988
300 7989
300 7990
300 7991
300 7992
300 7993
300 7994
300 7995
300 7996
300 7997
300 7998
300 7999
300 8000
300 8001
300 8002
300 8003
300 8004
300 8005
300 8006
300 8007
300 8008
300 8009
300 8010
300 8011
300 8012
300 8013
300 8014
300 8015
300 8016
300 8017
300 8018
300 8019
300 8020
300 8021
300 8022
300 8023
300 8024
300 8025
300 8026
300 8027
300 8028
300 8029
300 8030
300 8031
300 8032
300 8033
300 8034
300 8035
300 8036
300 8037
300 8038
300 8039
300 8040
300 8041
300 8042
300 8043
300 8044
300 8045
300 8046
300 8047
300 8048
300 8049
300 8050
300 8051
300 8052
300 8053
300 8054
300 8055
300 8056
300 8057
300 8058
300 8059
300 8060
300 8061
300 8062
300 8063
300 8064
300 8065
300 8066
300 8067
300 8068
300 8069
300 8070
300 8071
300 8072
300 8073
300 8074
300 8075
300 8076
300 8077
300 8078
300 8079
300 8080
300 8081
300 8082
300 8083
300 8084
300 8085
300 8086
300 8087
300 8088
300 8089
300 8090
300 8091
300 8092
300 8093
300 8094
300 8095
300 8096
300 8097
300 8098
300 8099
300 8100
300 8101
300 8102
300 8103
300 8104
300 8105
300 8106
300 8107
300 8108
300 8109
300 8110
300 8111
300 8112
300 8113
300 8114
300 8115
300 8116
300 8117
300 8118
300 8119
300 8120
300 8121
300 8122
300 8123
300 8124
300 8125
300 8126
300 8127
300 8128
300 8129
300 8130
300 8131
300 8132
300 8133
300 8134
300 8135
300 8136
300 8137
300 8138
300 8139
300 8140
300 8141
300 8142
300 8143
300 8144
300 8145
300 8146
300 8147
300 8148
300 8149
300 8150
300 8151
300 8152
300 8153
300 8154
300 8155
300 8156
300 8157
300 8158
300 8159
300 8160
300 8161
300 8162
300 8163
300 8164
300 8165
300 8166
300 8167
300 8168
300 8169
300 8170
300 8171
300 8172
300 8173
300 8174
300 8175
300 8176
300 8177
300 8178
300 8179
300 8180
300 8181
300 8182
300 8183
300 8184
300 8185
300 8186
300 8187
300 8188
300 8189
300 8190
300 8191
300 8192
300 8193
300 8194
300 8195
300 8196
300 8197
300 8198
300 8199
300 8200
300 8201
300 8202
300 8203
300 8204
300 8205
300 8206
300 8207
300 8208
300 8209
300 8210
300 8211
300 8212
300 8213
300 8214
300 8215
300 8216
300 8217
300 8218
300 8219
300 8220
300 8221
300 8222
300 8223
300 8224
300 8225
300 8226
300 8227
300 8228
300 8229
300 8230
300 8231
300 8232
300 8233
300 8234
300 8235
300 8236
300 8237
300 8238
300 8239
300 8240
300 8241
300 8242
300 8243
300 8244
300 8245
300 8246
300 8247
300 8248
300 8249
300 8250
300 8251
300 8252
300 8253
300 8254
300 8255
300 8256
300 8257
300 8258
300 8259
300 8260
300 8261
300 8262
300 8263
300 8264
300 8265
300 8266
300 8267
300 8268
300 8269
300 8270
300 8271
300 8272
300 8273
300 8274
300 8275
300 8276
300 8277
300 8278
300 8279
300 8280
300 8281
300 8282
300 8283
300 8284
300 8285
300 8286
300 8287
300 8288
300 8289
300 8290
300 8291
300 8292
300 8293
300 8294
300 8295
300 8296
300 8297
300 8298
300 8299
300 8300
300 8301
300 8302
300 8303
300 8304
300 8305
300 8306
300 8307
300 8308
300 8309
300 8310
300 8311
300 8312
300 8313
300 8314
300 8315
300 8316
300 8317
300 8318
300 8319
300 8320
300 8321
300 8322
300 8323
300 8324
300 8325
300 8326
300 8327
300 8328
300 8329
300 8330
300 8331
300 8332
300 8333
300 8334
300 8335
300 8336
300 8337
300 8338
300 8339
300 8340
300 8341
300 8342
300 8343
300 8344
300 8345
300 8346
300 8347
300 8348
300 8349
300 8350
300 8351
300 8352
300 8353
300 8354
300 8355
300 8356
300 8357
300 8358
300 8359
300 8360
300 8361
300 8362
300 8363
300 8364
300 8365
300 8366
300 8367
300 8368
300 8369
300 8370
300 8371
300 8372
300 8373
300 8374
300 8375
300 8376
300 8377
300 8378
300 8379
300 8380
300 8381
300 8382
300 8383
300 8384
300 8385
300 8386
300 8387
300 8388
300 8389
300 8390
300 8391
300 8392
300 8393
300 8394
300 8395
300 8396
300 8397
300 8398
300 8399
300 8400
300 8401
300 8402
300 8403
300 8404
300 8405
300 8406
300 8407
300 8408
300 8409
300 8410
300 8411
300 8412
300 8413
300 8414
300 8415
300 8416
300 8417
300 8418
300 8419
300 8420
300 8421
300 8422
300 8423
300 8424
300 8425
300 8426
300 8427
300 8428
300 8429
300 8430
300 8431
300 8432
300 8433
300 8434
300 8435
300 8436
300 8437
300 8438
300 8439
300 8440
300 8441
300 8442
300 8443
300 8444
300 8445
300 8446
300 8447
300 8448
300 8449
300 8450
300 8451
300 8452
300 8453
300 8454
300 8455
300 8456
300 8457
300 8458
300 8459
300 8460
300 8461
300 8462
300 8463
300 8464
300 8465
300 8466
300 8467
300 8468
300 8469
300 8470
300 8471
300 8472
300 8473
300 8474
300 8475
300 8476
300 8477
300 8478
300 8479
300 8480
300 8481
300 8482
300 8483
300 8484
300 8485
300 8486
300 8487
300 8488
300 8489
300 8490
300 8491
300 8492
300 8493
300 8494
300 8495
300 8496
300 8497
300 8498
300 8499
300 8500
300 8501
300 8502
300 8503
300 8504
300 8505
300 8506
300 8507
300 8508
300 8509
300 8510
300 8511
300 8512
300 8513
300 8514
300 8515
300 8516
300 8517
300 8518
300 8519
300 8520
300 8521
300 8522
300 8523
300 8524
300 8525
300 8526
300 8527
300 8528
300 8529
300 8530
300 8531
300 8532
300 8533
300 8534
300 8535
300 8536
300 8537
300 8538
300 8539
300 8540
300 8541
300 8542
300 8543
300 8544
300 8545
300 8546
300 8547
300 8548
300 8549
300 8550
300 8551
300 8552
300 8553
300 8554
300 8555
300 8556
300 8557
300 8558
300 8559
300 8560
300 8561
300 8562
300 8563
300 8564
300 8565
300 8566
300 8567
300 8568
300 8569
300 8570
300 8571
300 8572
300 8573
300 8574
300 8575
300 8576
300 8577
300 8578
300 8579
300 8580
300 8581
300 8582
300 8583
300 8584
300 8585
300 8586
300 8587
300 8588
300 8589
300 8590
300 8591
300 8592
300 8593
300 8594
300 8595
300 8596
300 8597
300 8598
300 8599
300 8600
300 8601
300 8602
300 8603
300 8604
300 8605
300 8606
300 8607
300 8608
300 8609
300 8610
300 8611
300 8612
300 8613
300 8614
300 8615
300 8616
300 8617
300 8618
300 8619
300 8620
300 8621
300 8622
300 8623
300 8624
300 8625
300 8626
300 8627
300 8628
300 8629
300 8630
300 8631
300 8632
300 8633
300 8634
300 8635
300 8636
300 8637
300 8638
300 8639
300 8640
300 8641
300 8642
300 8643
300 8644
300 8645
300 8646
300 8647
300 8648
300 8649
300 8650
300 8651
300 8652
300 8653
300 8654
300 8655
300 8656
300 8657
300 8658
300 8659
300 8660
300 8661
300 8662
300 8663
300 8664
300 8665
300 8666
300 8667
300 8668
300 8669
300 8670
300 8671
300 8672
300 8673
300 8674
300 8675
300 8676
300 8677
300 8678
300 8679
300 8680
300 8681
300 8682
300 8683
300 8684
300 8685
300 8686
300 8687
300 8688
300 8689
300 8690
300 8691
300 8692
300 8693
300 8694
300 8695
300 8696
300 8697
300 8698
300 8699
300 8700
300 8701
300 8702
300 8703
300 8704
300 8705
300 8706
300 8707
300 8708
300 8709
300 8710
300 8711
300 8712
300 8713
300 8714
300 8715
300 8716
300 8717
300 8718
300 8719
300 8720
300 8721
300 8722
300 8723
300 8724
300 8725
300 8726
300 8727
300 8728
300 8729
300 8730
300 8731
300 8732
300 8733
300 8734
300 8735
300 8736
300 8737
300 8738
300 8739
300 8740
300 8741
300 8742
300 8743
300 8744
300 8745
300 8746
300 8747
300 8748
300 8749
300 8750
300 8751
300 8752
300 8753
300 8754
300 8755
300 8756
300 8757
300 8758
300 8759
300 8760
300 8761
300 8762
300 8763
300 8764
300 8765
300 8766
300 8767
300 8768
300 8769
300 8770
300 8771
300 8772
300 8773
300 8774
300 8775
300 8776
300 8777
300 8778
300 8779
300 8780
300 8781
300 8782
300 8783
300 8784
300 8785
300 8786
300 8787
300 8788
300 8789
300 8790
300 8791
300 8792
300 8793
300 8794
300 8795
300 8796
300 8797
300 8798
300 8799
300 8800
300 8801
300 8802
300 8803
300 8804
300 8805
300 8806
300 8807
300 8808
300 8809
300 8810
300 8811
300 8812
300 8813
300 8814
300 8815
300 8816
300 8817
300 8818
300 8819
300 8820
300 8821
300 8822
300 8823
300 8824
300 8825
300 8826
300 8827
300 8828
300 8829
300 8830
300 8831
300 8832
300 8833
300 8834
300 8835
300 8836
300 8837
300 8838
300 8839
300 8840
300 8841
300 8842
300 8843
300 8844
300 8845
300 8846
300 8847
300 8848
300 8849
300 8850
300 8851
300 8852
300 8853
300 8854
300 8855
300 8856
300 8857
300 8858
300 8859
300 8860
300 8861
300 8862
300 8863
300 8864
300 8865
300 8866
300 8867
300 8868
300 8869
300 8870
300 8871
300 8872
300 8873
300 8874
300 8875
300 8876
300 8877
300 8878
300 8879
300 8880
300 8881
300 8882
300 8883
300 8884
300 8885
300 8886
300 8887
300 8888
300 8889
300 8890
300 8891
300 8892
300 8893
300 8894
300 8895
300 8896
300 8897
300 8898
300 8899
300 8900
300 8901
300 8902
300 8903
300 8904
300 8905
300 8906
300 8907
300 8908
300 8909
300 8910
300 8911
300 8912
300 8913
300 8914
300 8915
300 8916
300 8917
300 8918
300 8919
300 8920
300 8921
300 8922
300 8923
300 8924
300 8925
300 8926
300 8927
300 8928
300 8929
300 8930
300 8931
300 8932
300 8933
300 8934
300 8935
300 8936
300 8937
300 8938
300 8939
300 8940
300 8941
300 8942
300 8943
300 8944
300 8945
300 8946
300 8947
300 8948
300 8949
300 8950
300 8951
300 8952
300 8953
300 8954
300 8955
300 8956
300 8957
300 8958
300 8959
300 8960
300 8961
300 8962
300 8963
300 8964
300 8965
300 8966
300 8967
300 8968
300 8969
300 8970
300 8971
300 8972
300 8973
300 8974
300 8975
300 8976
300 8977
300 8978
300 8979
300 8980
300 8981
300 8982
300 8983
300 8984
300 8985
300 8986
300 8987
300 8988
300 8989
300 8990
300 8991
300 8992
300 8993
300 8994
300 8995
300 8996
300 8997
300 8998
300 8999
300 9000
300 9001
300 9002
300 9003
300 9004
300 9005
300 9006
300 9007
300 9008
300 9009
300 9010
300 9011
300 9012
300 9013
300 9014
300 9015
300 9016
300 9017
300 9018
300 9019
300 9020
300 9021
300 9022
300 9023
300 9024
300 9025
300 9026
300 9027
300 9028
300 9029
300 9030
300 9031
300 9032
300 9033
300 9034
300 9035
300 9036
300 9037
300 9038
300 9039
300 9040
300 9041
300 9042
300 9043
300 9044
300 9045
300 9046
300 9047
300 9048
300 9049
300 9050
300 9051
300 9052
300 9053
300 9054
300 9055
300 9056
300 9057
300 9058
300 9059
300 9060
300 9061
300 9062
300 9063
300 9064
300 9065
300 9066
300 9067
300 9068
300 9069
300 9070
300 9071
300 9072
300 9073
300 9074
300 9075
300 9076
300 9077
300 9078
300 9079
300 9080
300 9081
300 9082
300 9083
300 9084
300 9085
300 9086
300 9087
300 9088
300 9089
300 9090
300 9091
300 9092
300 9093
300 9094
300 9095
300 9096
300 9097
300 9098
300 9099
300 9100
300 9101
300 9102
300 9103
300 9104
300 9105
300 9106
300 9107
300 9108
300 9109
300 9110
300 9111
300 9112
300 9113
300 9114
300 9115
300 9116
300 9117
300 9118
300 9119
300 9120
300 9121
300 9122
300 9123
300 9124
300 9125
300 9126
300 9127
300 9128
300 9129
300 9130
300 9131
300 9132
300 9133
300 9134
300 9135
300 9136
300 9137
300 9138
300 9139
300 9140
300 9141
300 9142
300 9143
300 9144
300 9145
300 9146
300 9147
300 9148
300 9149
300 9150
300 9151
300 9152
300 9153
300 9154
300 9155
300 9156
300 9157
300 9158
300 9159
300 9160
300 9161
300 9162
300 9163
300 9164
300 9165
300 9166
300 9167
300 9168
300 9169
300 9170
300 9171
300 9172
300 9173
300 9174
300 9175
300 9176
300 9177
300 9178
300 9179
300 9180
300 9181
300 9182
300 9183
300 9184
300 9185
300 9186
300 9187
300 9188
300 9189
300 9190
300 9191
300 9192
300 9193
300 9194
300 9195
300 9196
300 9197
300 9198
300 9199
300 9200
300 9201
300 9202
300 9203
300 9204
300 9205
300 9206
300 9207
300 9208
300 9209
300 9210
300 9211
300 9212
300 9213
300 9214
300 9215
300 9216
300 9217
300 9218
300 9219
300 9220
300 9221
300 9222
300 9223
300 9224
300 9225
300 9226
300 9227
300 9228
300 9229
300 9230
300 9231
300 9232
300 9233
300 9234
300 9235
300 9236
300 9237
300 9238
300 9239
300 9240
300 9241
300 9242
300 9243
300 9244
300 9245
300 9246
300 9247
300 9248
300 9249
300 9250
300 9251
300 9252
300 9253
300 9254
300 9255
300 9256
300 9257
300 9258
300 9259
300 9260
300 9261
300 9262
300 9263
300 9264
300 9265
300 9266
300 9267
300 9268
300 9269
300 9270
300 9271
300 9272
300 9273
300 9274
300 9275
300 9276
300 9277
300 9278
300 9279
300 9280
300 9281
300 9282
300 9283
300 9284
300 9285
300 9286
300 9287
300 9288
300 9289
300 9290
300 9291
300 9292
300 9293
300 9294
300 9295
300 9296
300 9297
300 9298
300 9299
300 9300
300 9301
300 9302
300 9303
300 9304
300 9305
300 9306
300 9307
300 9308
300 9309
300 9310
300 9311
300 9312
300 9313
300 9314
300 9315
300 9316
300 9317
300 9318
300 9319
300 9320
300 9321
300 9322
300 9323
300 9324
300 9325
300 9326
300 9327
300 9328
300 9329
300 9330
300 9331
300 9332
300 9333
300 9334
300 9335
300 9336
300 9337
300 9338
300 9339
300 9340
300 9341
300 9342
300 9343
300 9344
300 9345
300 9346
300 9347
300 9348
300 9349
300 9350
300 9351
300 9352
300 9353
300 9354
300 9355
300 9356
300 9357
300 9358
300 9359
300 9360
300 9361
300 9362
300 9363
300 9364
300 9365
300 9366
300 9367
300 9368
300 9369
300 9370
300 9371
300 9372
300 9373
300 9374
300 9375
300 9376
300 9377
300 9378
300 9379
300 9380
300 9381
300 9382
300 9383
300 9384
300 9385
300 9386
300 9387
300 9388
300 9389
300 9390
300 9391
300 9392
300 9393
300 9394
300 9395
300 9396
300 9397
300 9398
300 9399
300 9400
300 9401
300 9402
300 9403
300 9404
300 9405
300 9406
300 9407
300 9408
300 9409
300 9410
300 9411
300 9412
300 9413
300 9414
300 9415
300 9416
300 9417
300 9418
300 9419
300 9420
300 9421
300 9422
300 9423
300 9424
300 9425
300 9426
300 9427
300 9428
300 9429
300 9430
300 9431
300 9432
300 9433
300 9434
300 9435
300 9436
300 9437
300 9438
300 9439
300 9440
300 9441
300 9442
300 9443
300 9444
300 9445
300 9446
300 9447
300 9448
300 9449
300 9450
300 9451
300 9452
300 9453
300 9454
300 9455
300 9456
300 9457
300 9458
300 9459
300 9460
300 9461
300 9462
300 9463
300 9464
300 9465
300 9466
300 9467
300 9468
300 9469
300 9470
300 9471
300 9472
300 9473
300 9474
300 9475
300 9476
300 9477
300 9478
300 9479
300 9480
300 9481
300 9482
300 9483
300 9484
300 9485
300 9486
300 9487
300 9488
300 9489
300 9490
300 9491
300 9492
300 9493
300 9494
300 9495
300 9496
300 9497
300 9498
300 9499
300 9500
300 9501
300 9502
300 9503
300 9504
300 9505
300 9506
300 9507
300 9508
300 9509
300 9510
300 9511
300 9512
300 9513
300 9514
300 9515
300 9516
300 9517
300 9518
300 9519
300 9520
300 9521
300 9522
300 9523
300 9524
300 9525
300 9526
300 9527
300 9528
300 9529
300 9530
300 9531
300 9532
300 9533
300 9534
300 9535
300 9536
300 9537
300 9538
300 9539
300 9540
300 9541
300 9542
300 9543
300 9544
300 9545
300 9546
300 9547
300 9548
300 9549
300 9550
300 9551
300 9552
300 9553
300 9554
300 9555
300 9556
300 9557
300 9558
300 9559
300 9560
300 9561
300 9562
300 9563
300 9564
300 9565
300 9566
300 9567
300 9568
300 9569
300 9570
300 9571
300 9572
300 9573
300 9574
300 9575
300 9576
300 9577
300 9578
300 9579
300 9580
300 9581
300 9582
300 9583
300 9584
300 9585
300 9586
300 9587
300 9588
300 9589
300 9590
300 9591
300 9592
300 9593
300 9594
300 9595
300 9596
300 9597
300 9598
300 9599
300 9600
300 9601
300 9602
300 9603
300 9604
300 9605
300 9606
300 9607
300 9608
300 9609
300 9610
300 9611
300 9612
300 9613
300 9614
300 9615
300 9616
300 9617
300 9618
300 9619
300 9620
300 9621
300 9622
300 9623
300 9624
300 9625
300 9626
300 9627
300 9628
300 9629
300 9630
300 9631
300 9632
300 9633
300 9634
300 9635
300 9636
300 9637
300 9638
300 9639
300 9640
300 9641
300 9642
300 9643
300 9644
300 9645
300 9646
300 9647
300 9648
300 9649
300 9650
300 9651
300 9652
300 9653
300 9654
300 9655
300 9656
300 9657
300 9658
300 9659
300 9660
300 9661
300 9662
300 9663
300 9664
300 9665
300 9666
300 9667
300 9668
300 9669
300 9670
300 9671
300 9672
300 9673
300 9674
300 9675
300 9676
300 9677
300 9678
300 9679
300 9680
300 9681
300 9682
300 9683
300 9684
300 9685
300 9686
300 9687
300 9688
300 9689
300 9690
300 9691
300 9692
300 9693
300 9694
300 9695
300 9696
300 9697
300 9698
300 9699
300 9700
300 9701
300 9702
300 9703
300 9704
300 9705
300 9706
300 9707
300 9708
300 9709
300 9710
300 9711
300 9712
300 9713
300 9714
300 9715
300 9716
300 9717
300 9718
300 9719
300 9720
300 9721
300 9722
300 9723
300 9724
300 9725
300 9726
300 9727
300 9728
300 9729
300 9730
300 9731
300 9732
300 9733
300 9734
300 9735
300 9736
300 9737
300 9738
300 9739
300 9740
300 9741
300 9742
300 9743
300 9744
300 9745
300 9746
300 9747
300 9748
300 9749
300 9750
300 9751
300 9752
300 9753
300 9754
300 9755
300 9756
300 9757
300 9758
300 9759
300 9760
300 9761
300 9762
300 9763
300 9764
300 9765
300 9766
300 9767
300 9768
300 9769
300 9770
300 9771
300 9772
300 9773
300 9774
300 9775
300 9776
300 9777
300 9778
300 9779
300 9780
300 9781
300 9782
300 9783
300 9784
300 9785
300 9786
300 9787
300 9788
300 9789
300 9790
300 9791
300 9792
300 9793
300 9794
300 9795
300 9796
300 9797
300 9798
300 9799
300 9800
300 9801
300 9802
300 9803
300 9804
300 9805
300 9806
300 9807
300 9808
300 9809
300 9810
300 9811
300 9812
300 9813
300 9814
300 9815
300 9816
300 9817
300 9818
300 9819
300 9820
300 9821
300 9822
300 9823
300 9824
300 9825
300 9826
300 9827
300 9828
300 9829
300 9830
300 9831
300 9832
300 9833
300 9834
300 9835
300 9836
300 9837
300 9838
300 9839
300 9840
300 9841
300 9842
300 9843
300 9844
300 9845
300 9846
300 9847
300 9848
300 9849
300 9850
300 9851
300 9852
300 9853
300 9854
300 9855
300 9856
300 9857
300 9858
300 9859
300 9860
300 9861
300 9862
300 9863
300 9864
300 9865
300 9866
300 9867
300 9868
300 9869
300 9870
300 9871
300 9872
300 9873
300 9874
300 9875
300 9876
300 9877
300 9878
300 9879
300 9880
300 9881
300 9882
300 9883
300 9884
300 9885
300 9886
300 9887
300 9888
300 9889
300 9890
300 9891
300 9892
300 9893
300 9894
300 9895
300 9896
300 9897
300 9898
300 9899
300 9900
300 9901
300 9902
300 9903
300 9904
300 9905
300 9906
300 9907
300 9908
300 9909
300 9910
300 9911
300 9912
300 9913
300 9914
300 9915
300 9916
300 9917
300 9918
300 9919
300 9920
300 9921
300 9922
300 9923
300 9924
300 9925
300 9926
300 9927
300 9928
300 9929
300 9930
300 9931
300 9932
300 9933
300 9934
300 9935
300 9936
300 9937
300 9938
300 9939
300 9940
300 9941
300 9942
300 9943
300 9944
300 9945
300 9946
300 9947
300 9948
300 9949
300 9950
300 9951
300 9952
300 9953
300 9954
300 9955
300 9956
300 9957
300 9958
300 9959
300 9960
300 9961
300 9962
300 9963
300 9964
300 9965
300 9966
300 9967
300 9968
300 9969
300 9970
300 9971
300 9972
300 9973
300 9974
300 9975
300 9976
300 9977
300 9978
300 9979
300 9980
300 9981
300 9982
300 9983
300 9984
300 9985
300 9986
300 9987
300 9988
300 9989
300 9990
300 9991
300 9992
300 9993
300 9994
300 9995
300 9996
300 9997
300 9998
300 9999
0 0
