1 0
1
2 0
1 2
2 1
2 1
3 0
1 2 3
3 1
1 3 2
3 2
2 3 1
3 3
3 2 1
4 0
1 2 3 4
4 1
1 2 4 3
4 2
1 3 4 2
4 3
1 4 3 2
4 4
2 4 3 1
4 5
3 4 2 1
4 6
4 3 2 1
5 0
1 2 3 4 5
5 1
1 2 3 5 4
5 2
1 2 4 5 3
5 3
1 2 5 4 3
5 4
1 3 5 4 2
5 5
1 4 5 3 2
5 6
1 5 4 3 2
5 7
2 5 4 3 1
5 8
3 5 4 2 1
5 9
4 5 3 2 1
5 10
5 4 3 2 1
6 0
1 2 3 4 5 6
6 1
1 2 3 4 6 5
6 2
1 2 3 5 6 4
6 3
1 2 3 6 5 4
6 4
1 2 4 6 5 3
6 5
1 2 5 6 4 3
6 6
1 2 6 5 4 3
6 7
1 3 6 5 4 2
6 8
1 4 6 5 3 2
6 9
1 5 6 4 3 2
6 10
1 6 5 4 3 2
6 11
2 6 5 4 3 1
6 12
3 6 5 4 2 1
6 13
4 6 5 3 2 1
6 14
5 6 4 3 2 1
6 15
6 5 4 3 2 1
7 0
1 2 3 4 5 6 7
7 1
1 2 3 4 5 7 6
7 2
1 2 3 4 6 7 5
7 3
1 2 3 4 7 6 5
7 4
1 2 3 5 7 6 4
7 5
1 2 3 6 7 5 4
7 6
1 2 3 7 6 5 4
7 7
1 2 4 7 6 5 3
7 8
1 2 5 7 6 4 3
7 9
1 2 6 7 5 4 3
7 10
1 2 7 6 5 4 3
7 11
1 3 7 6 5 4 2
7 12
1 4 7 6 5 3 2
7 13
1 5 7 6 4 3 2
7 14
1 6 7 5 4 3 2
7 15
1 7 6 5 4 3 2
7 16
2 7 6 5 4 3 1
7 17
3 7 6 5 4 2 1
7 18
4 7 6 5 3 2 1
7 19
5 7 6 4 3 2 1
7 20
6 7 5 4 3 2 1
7 21
7 6 5 4 3 2 1
8 0
1 2 3 4 5 6 7 8
8 1
1 2 3 4 5 6 8 7
8 2
1 2 3 4 5 7 8 6
8 3
1 2 3 4 5 8 7 6
8 4
1 2 3 4 6 8 7 5
8 5
1 2 3 4 7 8 6 5
8 6
1 2 3 4 8 7 6 5
8 7
1 2 3 5 8 7 6 4
8 8
1 2 3 6 8 7 5 4
8 9
1 2 3 7 8 6 5 4
8 10
1 2 3 8 7 6 5 4
8 11
1 2 4 8 7 6 5 3
8 12
1 2 5 8 7 6 4 3
8 13
1 2 6 8 7 5 4 3
8 14
1 2 7 8 6 5 4 3
8 15
1 2 8 7 6 5 4 3
8 16
1 3 8 7 6 5 4 2
8 17
1 4 8 7 6 5 3 2
8 18
1 5 8 7 6 4 3 2
8 19
1 6 8 7 5 4 3 2
8 20
1 7 8 6 5 4 3 2
8 21
1 8 7 6 5 4 3 2
8 22
2 8 7 6 5 4 3 1
8 23
3 8 7 6 5 4 2 1
8 24
4 8 7 6 5 3 2 1
8 25
5 8 7 6 4 3 2 1
8 26
6 8 7 5 4 3 2 1
8 27
7 8 6 5 4 3 2 1
8 28
8 7 6 5 4 3 2 1
9 0
1 2 3 4 5 6 7 8 9
9 1
1 2 3 4 5 6 7 9 8
9 2
1 2 3 4 5 6 8 9 7
9 3
1 2 3 4 5 6 9 8 7
9 4
1 2 3 4 5 7 9 8 6
9 5
1 2 3 4 5 8 9 7 6
9 6
1 2 3 4 5 9 8 7 6
9 7
1 2 3 4 6 9 8 7 5
9 8
1 2 3 4 7 9 8 6 5
9 9
1 2 3 4 8 9 7 6 5
9 10
1 2 3 4 9 8 7 6 5
9 11
1 2 3 5 9 8 7 6 4
9 12
1 2 3 6 9 8 7 5 4
9 13
1 2 3 7 9 8 6 5 4
9 14
1 2 3 8 9 7 6 5 4
9 15
1 2 3 9 8 7 6 5 4
9 16
1 2 4 9 8 7 6 5 3
9 17
1 2 5 9 8 7 6 4 3
9 18
1 2 6 9 8 7 5 4 3
9 19
1 2 7 9 8 6 5 4 3
9 20
1 2 8 9 7 6 5 4 3
9 21
1 2 9 8 7 6 5 4 3
9 22
1 3 9 8 7 6 5 4 2
9 23
1 4 9 8 7 6 5 3 2
9 24
1 5 9 8 7 6 4 3 2
9 25
1 6 9 8 7 5 4 3 2
9 26
1 7 9 8 6 5 4 3 2
9 27
1 8 9 7 6 5 4 3 2
9 28
1 9 8 7 6 5 4 3 2
9 29
2 9 8 7 6 5 4 3 1
9 30
3 9 8 7 6 5 4 2 1
9 31
4 9 8 7 6 5 3 2 1
9 32
5 9 8 7 6 4 3 2 1
9 33
6 9 8 7 5 4 3 2 1
9 34
7 9 8 6 5 4 3 2 1
9 35
8 9 7 6 5 4 3 2 1
9 36
9 8 7 6 5 4 3 2 1
10 0
1 2 3 4 5 6 7 8 9 10
10 1
1 2 3 4 5 6 7 8 10 9
10 2
1 2 3 4 5 6 7 9 10 8
10 3
1 2 3 4 5 6 7 10 9 8
10 4
1 2 3 4 5 6 8 10 9 7
10 5
1 2 3 4 5 6 9 10 8 7
10 6
1 2 3 4 5 6 10 9 8 7
10 7
1 2 3 4 5 7 10 9 8 6
10 8
1 2 3 4 5 8 10 9 7 6
10 9
1 2 3 4 5 9 10 8 7 6
10 10
1 2 3 4 5 10 9 8 7 6
10 11
1 2 3 4 6 10 9 8 7 5
10 12
1 2 3 4 7 10 9 8 6 5
10 13
1 2 3 4 8 10 9 7 6 5
10 14
1 2 3 4 9 10 8 7 6 5
10 15
1 2 3 4 10 9 8 7 6 5
10 16
1 2 3 5 10 9 8 7 6 4
10 17
1 2 3 6 10 9 8 7 5 4
10 18
1 2 3 7 10 9 8 6 5 4
10 19
1 2 3 8 10 9 7 6 5 4
10 20
1 2 3 9 10 8 7 6 5 4
10 21
1 2 3 10 9 8 7 6 5 4
10 22
1 2 4 10 9 8 7 6 5 3
10 23
1 2 5 10 9 8 7 6 4 3
10 24
1 2 6 10 9 8 7 5 4 3
10 25
1 2 7 10 9 8 6 5 4 3
10 26
1 2 8 10 9 7 6 5 4 3
10 27
1 2 9 10 8 7 6 5 4 3
10 28
1 2 10 9 8 7 6 5 4 3
10 29
1 3 10 9 8 7 6 5 4 2
10 30
1 4 10 9 8 7 6 5 3 2
10 31
1 5 10 9 8 7 6 4 3 2
10 32
1 6 10 9 8 7 5 4 3 2
10 33
1 7 10 9 8 6 5 4 3 2
10 34
1 8 10 9 7 6 5 4 3 2
10 35
1 9 10 8 7 6 5 4 3 2
10 36
1 10 9 8 7 6 5 4 3 2
10 37
2 10 9 8 7 6 5 4 3 1
10 38
3 10 9 8 7 6 5 4 2 1
10 39
4 10 9 8 7 6 5 3 2 1
10 40
5 10 9 8 7 6 4 3 2 1
10 41
6 10 9 8 7 5 4 3 2 1
10 42
7 10 9 8 6 5 4 3 2 1
10 43
8 10 9 7 6 5 4 3 2 1
10 44
9 10 8 7 6 5 4 3 2 1
10 45
10 9 8 7 6 5 4 3 2 1 
