884
3
000
011
001

8
10001000
11011110
10011010
00011111
00110100
00010101
11001010
01100010

5
11010
10100
11000
11111
01010

8
00101010
11101000
00010000
10111101
10001101
01110011
00000111
10000001

3
110
101
001

9
101000100
100110101
001010110
111000101
111111110
010100011
011110000
011011011
001011111

3
100
100
111

4
0010
0010
0000
0001

3
011
000
001

1
1

10
1000111100
0101001011
1111101001
1000110011
1111110011
1110110010
0100011000
0000111000
1110101100
0001100111

3
011
110
111

8
00001100
01101000
01000011
10110010
10000100
00101010
11111001
11010111

1
1

9
101100011
100110001
110110110
111101000
110110000
101110101
000111100
001010100
000010101

7
1000001
0100011
0011110
0001111
0111000
1000100
1011101

1
1

8
11110010
01010101
01010010
01010000
11100100
11100111
11011110
11111110

2
00
10

1
0

8
10010101
11010010
11000111
00011001
01110011
01101101
11000001
01001111

1
1

4
0001
1011
1110
1101

1
1

6
001110
001000
011100
110000
100111
100100

4
0010
1110
1000
0011

5
00100
10111
00001
01101
01001

3
110
100
000

9
100011100
000000111
000101111
011000101
000101100
000110111
011010101
000001100
111001110

10
0100011100
0100111011
1001010111
1111101011
0001110101
0110111011
0011001010
1100001111
1010001101
1111010100

9
001001110
110110100
111100101
000110101
100010111
101011000
100111110
001111011
111000100

4
0111
0101
0000
1111

7
1111110
0000010
0011011
1110101
0000111
1010101
1101011

3
110
010
101

4
1110
0111
0111
1100

10
1011011000
1100000011
1101010001
0111011000
1111111110
0100010111
1101111010
0000011110
0001100100
1101000000

5
10100
10011
00101
11100
10100

2
01
11

9
101111010
101111001
110011011
100000011
100111101
100101101
010101101
101000110
001011011

4
0000
0010
0010
0110

8
10100011
11100001
01001110
10110100
00010101
10111001
10000110
00100001

10
0000001001
1111101110
0110010001
0000001000
1011001010
1000110001
1000010000
1110001010
0011110101
1101111010

9
010010110
010011111
111001100
111010000
100110000
101101111
001111110
000100101
111111011

2
10
11

2
10
10

5
01111
00011
00000
10101
11100

6
011011
110010
000001
000000
100001
001111

5
00001
11100
01110
10000
00001

5
00100
01100
10101
11101
11100

7
0111101
0110110
1101001
1001000
1001001
1110100
1001101

9
001100100
110010011
111000010
100001110
001111111
011000011
010010000
111000100
010111100

2
01
00

8
00001111
01010111
01111000
01010001
10111001
11110101
10111111
00100011

5
00110
10011
10011
01100
00111

5
11100
10001
10001
11000
00001

3
111
101
000

1
1

10
0111111111
1011001100
0101000101
0111100101
1001110101
0111110111
0010010000
0110101100
0111110111
1111011000

7
1110011
0101000
1111010
1110010
0000110
0011010
0000111

5
01101
01100
00110
10101
11111

9
111110000
100111100
001100110
100100010
111101011
101110101
001011101
001111100
101101000

6
111111
111000
110011
011101
010110
000011

8
10100000
11011111
10000101
00101111
01000010
01010000
00111100
11000100

8
10011000
11110111
01001111
10010100
00010110
00100101
01011101
10101101

9
001001101
000100010
100110011
010010010
100000000
000010000
100011011
111000011
101100101

10
1111110111
1100110010
1011110111
1110101111
0100001101
1101100110
0111100000
1001011111
0101100001
0100101100

8
00110110
11100100
11100000
00010100
00011111
10001011
10011101
00000101

2
00
11

10
1110011100
1010101101
1010010110
0101010111
0110000000
1001110110
1011011111
1100110011
0011010011
1100111111

5
01110
01100
10110
01111
00001

2
00
11

9
100100100
011101110
010111100
100000110
111111011
110111001
011010110
001001100
011110110

10
1011011111
0110110110
0010011000
0110011111
0111000111
0110001101
1000001111
0000101100
1010011110
1000101011

8
11111110
11101101
00111110
01111111
10001001
00111011
01000010
10100101

6
010010
000111
100100
010100
011010
110011

8
00110110
01100110
01011000
00111001
10110101
11111000
10111000
10101001

2
10
01

7
1000010
0000110
0111001
0001010
0110110
1100011
0101011

9
101010111
010010011
010111000
011011100
001011010
100010011
010001000
110110001
110111100

7
0101001
0111100
1110010
1100001
0100100
0110101
0001110

7
1100110
0000100
0001100
1010000
0111001
1111111
0111001

3
000
000
111

4
0100
0100
0110
1001

3
000
001
111

4
0100
1010
0111
0011

9
001100111
000010010
101000111
100110000
101000010
110110011
011011101
000010011
100000110

6
111110
111100
010111
111101
101100
111101

8
10010011
10101001
01100111
01101111
10111101
00111110
01000100
00001110

9
101011011
111011000
110110110
111010000
101011010
101010000
011001000
110100000
011100100

1
0

9
100100111
000110111
110111011
100011010
101101111
001100110
111110101
110010111
011101110

2
00
11

10
1001111000
1010101010
1010100101
1000001001
1001011010
0101000010
1100001001
0000001010
1011001010
1101000000

7
0101001
1011110
1000100
0010111
1001011
1010001
1011000

9
010010111
001000111
011010100
111101011
000000011
010101101
000111010
011011100
011000000

4
0001
0110
0110
0101

2
10
11

1
0

10
1101100011
1110101110
0110101100
0100010110
0101101111
1111111000
1100000100
1110000001
1110111110
0100100100

3
000
011
000

3
000
000
101

4
1010
0101
1101
1111

7
0100111
1100011
0001101
1001101
0011010
0010010
1000001

6
000101
100111
110101
001010
110011
101111

6
111011
010011
110111
111110
101001
010111

4
1001
1100
0111
1011

7
1111110
0001011
0100100
1110100
0100111
0010001
0100011

1
0

5
10011
11010
10001
01011
11011

5
01100
01011
01010
10111
11010

4
0100
1101
0000
1100

6
010111
011001
100010
111110
001110
001100

6
111110
011010
000110
000110
100110
011001

3
001
011
111

4
0010
0111
1011
1000

6
101000
111110
110110
111001
010010
011011

4
1111
1000
0100
1101

7
0001001
0000011
0101000
0001010
1100011
1001010
0111011

3
001
111
101

9
101100000
100101111
010000001
001000000
001110111
011101101
111110101
101000011
101011100

4
0101
0101
0100
0010

6
001010
111010
000001
000100
100111
001001

5
10000
00110
00010
00100
11011

2
00
10

10
0010100111
0011001101
1001101101
0101110010
1000011010
1110100001
0100010100
0000100011
1011110010
0000110101

3
000
011
010

6
011011
001100
100001
110110
011101
010101

10
0100010001
1011001101
1111100010
0101011000
0100101011
0100111110
0011110010
0011100110
0001110100
0110100100

3
011
010
111

7
1100010
0101011
1110010
1100110
0101111
1010001
1111000

6
010110
100000
001101
010011
101011
000010

1
0

2
10
10

8
00101111
01000001
10001111
01001100
11110101
00000101
00010110
00000001

7
1011110
1100101
0110010
0110110
0111111
0000001
0010111

1
0

2
10
10

2
00
00

9
111110001
111101100
100011011
000010111
001001101
100100110
001011110
001001001
001111000

4
0100
0000
1100
1111

1
1

5
00000
11000
10100
00110
01101

9
110000010
001110001
100100000
110100001
110001110
001000110
001111001
100100100
000101110

7
1011011
1111010
1100011
1010011
1011100
0101111
1000101

2
11
01

5
10101
11001
10100
01001
10000

6
100001
010000
111111
000110
100010
111100

6
101101
010011
000100
110101
000100
100111

3
010
001
010

2
10
00

7
1011001
0011100
0011010
1100000
1000000
0101011
0010111

1
0

6
011001
100000
001101
111010
000001
111011

3
101
010
000

10
0100011000
0011110111
1100101001
0110000011
1010000111
0110011101
0101001000
1000010101
1010110101
0100101000

2
00
00

6
111000
000000
101101
110010
111000
101101

5
11110
01001
10010
00111
11011

5
01011
01010
11010
01011
01011

1
0

4
1011
0110
0101
0011

2
11
00

3
000
100
011

4
1010
0010
1110
1111

4
0000
0011
1100
1111

4
1001
0101
1110
1111

3
111
111
100

4
1110
1010
0110
0110

9
110011010
001001101
111101010
011011101
100000110
000000010
011011111
001001110
100011000

7
1011010
1101111
1111101
0101010
0101000
1101100
1100110

7
1000111
1110000
1111001
1110001
0010010
1100101
0010111

10
1101000111
0100011001
0110111010
0100010110
1111100100
0110010111
0111100110
0011111100
0000011110
0100110100

7
0100111
0010000
0000011
1001110
0000110
1001011
0000100

6
011110
101000
001010
110111
011101
010101

1
1

8
11111110
11000000
01001100
11110110
00010111
11111111
00000000
10100110

7
0001110
1110100
0101101
1000010
0100100
0001100
1000100

3
111
110
000

6
011101
001100
011110
000010
100010
000011

1
0

7
0101001
1100110
0001001
0100110
1001101
0101110
0111101

9
101001010
011000011
100011001
100101100
010100100
010111000
010111101
001000000
101101110

9
100000010
000111011
101000001
111010100
010011010
111000110
111000110
000010010
000110111

1
0

9
001110000
000101001
011101001
110100000
001110001
111110001
011001000
000011110
010010110

1
1

8
11101101
01110011
01110111
00101010
01000001
11100011
10011000
00000111

3
011
001
110

5
01001
01000
11100
11001
01010

8
00011011
11011010
10011010
10111001
10100000
01110110
10010000
01001010

7
0001100
1111100
1011101
1101100
1001100
1110000
1101111

3
001
000
010

10
0000011010
1000110111
1100010100
1101011001
0111000111
0110010111
1001100010
0101110010
0100000110
1001001100

9
010110000
100110111
110011011
001011011
001110100
000100101
111100111
011111000
011010111

5
01110
10010
01011
01011
10101

6
001010
001100
010100
011111
100000
001101

1
1

6
101100
101110
011111
111110
010110
001111

5
10000
00000
01110
10100
01100

10
0011011010
1101100110
1001100011
1111101110
0101000100
0101101000
1101010110
0011001111
1110101101
1110001110

4
1011
1100
1010
1111

1
0

5
11110
01011
10101
11000
01000

8
10110110
00001001
00010100
10001101
00100001
10101001
00101101
10111101

9
000110110
011111110
101110110
011001101
001001000
100001001
000000001
011100110
011111010

2
01
10

3
011
010
000

5
10100
10101
00100
10000
01001

3
011
111
100

9
010111100
101000010
011011001
110001101
000001010
111011000
001010101
000101000
111101011

10
0010000011
1011000101
0110001101
1100001110
0100001011
0101101011
1100010110
1111011111
0000100110
0010101101

7
0100111
0101000
1010100
1010001
1111111
1010111
0000111

10
0000010100
1101101001
0101100011
0000001000
0000111111
0010101100
1111010100
1110010111
0011011100
1100000010

7
1101000
1101010
0101000
1000010
1011100
1010110
0000010

8
00010011
11001001
10011111
00000010
10111101
00100010
11110011
10111010

8
01010100
00000111
11111010
00100011
00001101
01010101
01111010
00100000

9
011110101
001101111
000101010
001001011
001011000
111001000
011011101
100001011
111010010

1
1

6
101011
001000
111101
001100
010010
011011

2
00
00

4
0111
0010
0110
1001

3
110
000
100

9
010011110
001011110
110010010
101101011
111000010
000110100
001111001
011111001
011110001

10
0101100110
0010001011
0010100110
0111110101
0011110001
0010100110
0100001110
0101010011
1001000101
0011100001

7
1000100
0101110
1101010
0111111
0001010
1001100
1000010

2
11
00

10
0101000111
0000001110
0101110011
0111110101
1001000100
0011111000
0111100101
0101100100
1101001000
1001001010

5
00100
00101
10101
01110
00101

4
1111
0001
1000
0100

1
1

6
000001
110001
010100
110000
000010
101001

8
01011010
11010101
10011110
00001000
00100101
00010111
10100111
10110101

8
11010100
11011000
11001001
01110011
01001111
01010000
01111111
10100010

9
111010100
010001000
011000111
000110101
001110110
001001110
011001100
001101001
010001101

10
1001000101
0111101101
1001000111
1101000001
0000100101
1011100100
0000001110
0001111000
0010110111
1110000111

6
001010
010001
101101
111010
111001
010010

5
11101
00011
10010
01000
10111

6
001100
111011
001000
100110
011000
111011

10
1001001010
0100100111
0010010111
1000010100
0110101111
0101010001
1101001100
0000010100
0111010101
0011011111

6
001110
010111
010010
111110
100011
111100

8
01100110
11110000
11111000
11110000
01101100
01111111
00100011
00000011

2
00
10

5
11100
01011
10010
10100
11010

4
0010
0110
1000
0010

10
1001100101
0000101001
0001111010
1011001010
0111101001
0110100110
0010101101
0111101100
0001011011
0111111101

2
01
00

1
1

8
00010110
00001100
01110010
00101111
10101011
11000011
01011000
10001011

9
100100101
100110101
111011000
011101101
001101010
010011010
111000010
010111001
111100011

4
0011
0010
1101
0101

1
1

9
001010101
010001001
110001000
101000001
000110010
010011100
111000010
100101100
000001010

8
11000100
11100010
10111000
10101111
01101101
11100010
01110011
01011000

9
011110101
001000101
000010000
100100001
101111010
100111000
110110110
001111111
010101100

9
011100011
000010111
100010001
010011011
100101100
111110101
000011110
000010001
011001010

5
11010
10101
11010
10010
10000

10
0100000000
0011000100
0111001010
0010001101
0110000000
1110011111
1100111111
0011111001
0001111001
0100010100

3
000
111
110

4
1011
0110
1100
1111

5
00001
10110
10001
00000
01001

7
1100111
1000100
1001001
1001001
0001000
0000110
0101110

10
0101110110
1010111111
0100011111
0110010101
0110111100
0111101110
1111100010
0000111001
1001111111
1100101111

1
0

5
00001
10001
00011
10001
10111

6
101010
011010
001011
111100
111001
000110

1
0

8
11011010
10001010
10111110
00110010
10100011
10011000
00100110
00100000

9
100100101
101111000
101000100
111010110
001001001
101001001
010111010
001011100
111011101

7
0110000
0000100
0000011
0110101
0100111
1111010
0111100

10
1000111010
0001011011
1011011110
0111110101
0001010101
1010011000
1110001110
1101100100
1000111000
0011000010

5
10011
00000
10110
10110
11100

5
00100
11111
11010
01111
11100

6
010111
010110
110100
110011
010001
101010

6
010111
100001
100111
110010
010110
101111

1
0

8
00101010
01000100
00010000
11110100
00101101
11111011
10001110
10001010

3
110
001
001

8
11101000
00111111
01001111
01001001
10011101
00111110
00001100
00011111

9
110010101
101000111
101001100
111011100
000110111
111010000
111010001
111010001
101000111

5
01100
01011
10100
00110
01001

7
0011111
1010110
0101100
0111100
1001000
1111111
0000011

9
111110110
111000100
101011100
001001001
100011110
111111011
010111010
101011110
110000011

9
010000011
110011000
101101101
010011010
101000111
011100110
011110010
111011010
101011000

9
011000100
101101010
101111111
111010010
001011011
100011100
100110101
100110010
001100100

1
0

2
01
11

9
011001011
001001111
010000110
001111011
000100110
010010101
111111100
010110011
101101110

7
1101100
1110100
1000011
0001110
0001110
0000101
1000111

6
001100
100001
110000
110011
100110
110000

8
10110101
00111101
00111100
00100001
01001110
11111010
11101101
11000111

10
1010010100
1011110001
1111010100
1111001000
1100110010
1001010001
0000101000
1011111011
1111100110
0100000011

6
101100
000111
110000
101000
111011
110001

6
110010
000000
111000
111101
000101
111110

8
10000011
01010101
00101110
11101100
01010101
10110011
00101010
10001111

4
1010
0111
1101
0111

2
01
01

7
1001100
1111010
1100000
0001111
1010100
0111110
1001100

6
001001
101001
111010
010101
001011
101000

2
10
00

1
1

6
001010
001010
110111
000011
111110
011101

1
0

7
0110011
0001110
0101001
0010001
1001100
0010111
0001111

6
110101
011101
000110
001011
010001
001011

3
101
100
011

8
00000100
01101110
10111111
01011100
11100010
01010010
10111101
10010101

8
10000110
11001001
10011001
01110000
11101111
10001101
11001111
11000111

5
11000
00001
11110
10000
00010

4
1110
1010
0010
1110

1
1

10
1010001111
1101100101
1100111101
0100011011
0011100111
1010101001
0010000101
0010111010
1001101011
1010101110

4
0000
0001
0010
0101

1
1

3
010
110
101

8
10001011
10000000
11001101
00000000
10110000
01101101
11000111
00011001

3
010
000
001

3
110
010
001

8
00000010
10110010
01110111
00001101
01110100
01011111
10100000
11111010

10
1001010010
0111111000
0101110101
0111000111
0111011010
0010110111
0000110000
0110001010
1001110000
1101110111

6
101000
110010
110100
001111
010111
110010

8
10011011
10001100
10111011
00001110
01110100
00110011
01100100
01111101

5
00011
11010
00100
10001
00010

2
01
11

2
10
01

7
0001010
0001110
1000001
0100100
0110111
0010111
1101001

6
001100
011000
001101
100111
011101
111010

7
1011001
0000100
1100111
1000000
0101110
1011111
0001111

1
0

9
011011001
011110101
000010001
110010111
000100101
010000101
101101000
100011101
011011001

4
1011
0010
1100
1111

6
011111
001100
100101
111011
100011
010000

5
10101
01111
00011
01011
10111

2
01
10

5
01010
01111
00000
00000
01110

5
00010
00000
11110
01000
11001

2
00
11

2
01
11

9
100100011
111110110
101100101
110110011
101111010
101001010
110000110
111110101
100110011

4
0111
0010
1001
0111

4
0000
1100
1000
0000

3
101
100
000

2
00
10

5
00100
10001
00110
10110
11001

5
00001
10001
00010
10100
10010

8
00011010
10111111
10000001
11011110
00101101
10011110
11001101
00000011

6
110000
000101
101101
110100
110110
110010

9
000110110
010010011
001110100
111001011
110000001
000110111
000010001
111001101
010101011

4
0011
0010
0111
0110

3
010
100
010

1
0

3
010
100
110

5
00011
10001
10001
01011
11111

9
111000000
000010011
110011101
111101011
101011110
000111011
110111001
000011100
001101011

9
010111010
111100011
111001110
110010110
000100110
011110011
010010111
000000001
010110000

4
1101
0000
1011
1011

9
100110101
000001101
011001011
101101110
011001110
011001010
111000010
010011101
010110010

1
0

10
1111001011
1110101000
1111010111
0110011110
1100111001
0100110101
1100110010
1101110011
0010100100
1110010111

7
1110110
1011111
1111011
1111110
1111100
1011011
1110111

2
10
10

8
10011000
01001001
01100110
10111000
00010110
10101111
00110110
00100101

1
0

7
0000111
1110101
1110001
1001011
1101110
1010000
0000010

5
11100
01111
01110
11111
00010

5
10110
00001
10110
00101
01010

1
0

6
100000
100010
001110
101001
000000
010111

2
00
01

8
11001111
11100000
11010010
11110110
11001011
10010001
11010111
11001101

5
00001
00000
01011
11101
00111

2
01
11

8
00000111
10001111
11001101
11110110
00110010
00101000
00100000
00001110

5
10110
00111
01101
01101
11010

6
010001
111111
011000
111101
000100
111110

7
1011100
0000111
1000100
1001111
0011011
0010100
0100101

7
1110011
1001010
0100110
0111001
1010111
0010011
1111110

1
1

10
1001010100
0101111010
1111110011
0000011010
1011000101
0011101010
0000010100
1110001001
1010101111
0100001001

2
01
11

9
011000010
001101101
010010100
011000001
110110011
110010110
010010000
011000011
100110101

4
0100
1100
0101
1111

6
001010
101110
000001
101010
110111
110100

1
1

2
10
01

5
00001
01110
10110
01100
11010

8
01101100
10010101
11101011
11011101
00011110
10101110
01101111
11101111

8
10001000
11000010
01111010
11101111
10000000
00110001
01000010
01101111

5
01111
01111
00010
10000
11100

2
01
11

3
001
101
101

8
01111001
11100100
11011010
11111001
11000111
10111101
10001000
00100111

6
001100
110110
100000
101000
110011
011001

10
0011011101
1111010011
0000000001
0100100011
0000010100
1110100100
0011101011
0101011010
0001011011
0000000111

3
011
010
010

9
010000001
001101101
011110011
110110011
001010001
000110110
110000100
010000001
100001001

2
10
11

7
0010001
1100101
1111101
0000101
1000001
1100101
1010101

7
0111111
0111101
0001011
1101101
0100110
1001001
0001111

4
1101
0010
0101
1101

6
000100
001010
010000
011010
100111
111001

1
1

8
01010011
10001111
00101101
00011111
01011000
10000111
00001100
10110001

6
011100
101001
000001
101100
110111
001011

3
111
000
110

6
000110
111100
110100
110100
010111
110001

10
1011111000
0111100011
0001000000
0010001100
1000000000
0011000010
0100001000
1111100001
0011111010
1011111011

4
0110
0000
1000
0111

4
1101
1100
0011
1001

10
1100110111
0011011111
1010010011
0001000111
0011001001
1010111001
1000011011
1110000110
0111110111
0111100011

1
0

6
111001
000110
010100
011001
100010
011111

2
11
01

4
1100
1010
1001
1011

7
0000001
0010110
0111000
0110001
1100010
1010101
0000011

3
111
011
000

4
0111
1000
1111
0011

4
1001
0011
1011
1000

8
01111000
11000000
10011000
01111001
00010001
10001110
00101110
01111010

8
10011111
10111000
11010011
10101010
10110011
00001111
11110101
01000100

7
1110110
1000000
1111110
1000000
1000000
0101011
0110001

6
010011
001010
010000
110010
111000
111100

6
000010
000001
100011
100101
101011
101101

3
111
101
101

6
001001
111010
001010
110001
000011
111100

10
0011001001
0011001000
1000001001
0001101001
0000001000
1001101010
0010110101
1010101011
1110101011
1010100001

8
01000011
10111010
01101001
00100010
11101111
00000110
10101101
01100001

7
1101011
0100010
1111111
1011001
1110110
1001110
1010100

2
01
11

1
0

3
011
110
010

5
01011
11011
10010
01101
00001

7
1010100
1001111
1100010
1001000
0011000
0100100
1001101

1
0

2
00
01

2
11
10

3
011
111
110

6
000000
000011
010010
110000
110110
100101

4
1000
1101
0101
0101

7
0100100
0111011
1000111
0110101
1011101
0011011
1100111

1
0

10
0100001110
0100110001
0000110110
0100110100
1101000110
0110010000
1010100011
1000010101
0111110011
1000010101

8
00000000
00100111
11001101
00001000
11111101
00110010
11100111
00011000

7
1011101
1101001
0001000
0010001
0001010
1011000
0101101

6
111001
001011
001011
001001
111110
100100

7
0001000
1110101
0001000
0101100
1111100
0101000
0000000

8
01010101
00011110
10010011
11001110
01100011
11100001
11001011
01100010

2
10
10

10
0111110100
1011111110
0111110011
1111011011
0010000110
1110101100
0100001110
0101100000
0011011110
1011011000

3
101
011
000

9
001110001
110101100
000000010
111101000
100001000
101101010
100011011
100011010
101010001

2
11
10

2
00
11

4
1001
0110
1111
0101

10
0011110011
0010000000
0011010010
1001101000
1000010111
0001010110
1101010000
1011111101
0001010010
1011001100

9
111100111
101001111
010010010
000111110
100111001
100010000
000110011
101000011
010010100

5
11100
10110
11010
00111
00100

9
111000011
101100111
110010100
010001010
010101110
100111111
101100011
000011100
000110111

1
0

4
0111
1110
1100
0101

4
1011
0111
0010
1010

4
0111
1001
1111
0110

8
10000010
10110100
11011110
10011100
00001011
00011110
00001011
10110001

1
1

4
0011
1110
1010
0001

4
0101
0011
0111
0001

9
011000000
011001000
100100100
010100110
000001111
001000110
110101001
010101010
011000011

3
001
101
101

7
0010010
0010100
1100011
1101111
1101110
1110000
1101010

1
0

9
110111000
010001010
101111011
010100100
010110111
010100110
110111011
110010000
101110000

4
0111
0101
0010
0011

2
01
01

10
0100000111
0110001011
1101110011
0110110110
1110101110
1111000010
1010010001
1011010101
1011011100
1101100000

1
1

5
01111
10011
00000
00000
11110

8
01110100
10100101
01101001
01111011
00011100
00001101
10011101
01001001

4
1001
1101
1110
1011

9
110100110
110001101
011010110
010101010
101011111
100000110
001000110
010101111
010011010

7
1100110
0010101
1100000
1010010
1110010
1000010
1100010

10
0110001001
1000000110
0001010101
0110111001
1101111000
1001001000
1111001101
0011100100
1000011000
1101101000

3
001
110
001

2
00
01

5
11001
01011
11110
11010
10010

5
11111
00001
00000
11001
01010

10
0101011110
0110110001
1010000010
0001001010
1110011111
0000111111
0001011100
1001101111
1100001011
0111111100

9
111110000
011010110
110001000
011000111
110111111
011011100
000001001
000110100
111101101

7
1100111
0100101
0111111
1010101
1010100
0011100
0001111

6
110101
000011
011001
011011
000010
011001

3
110
001
011

9
101011111
111001010
100110101
110111010
001100001
011110100
111101100
110111111
110011101

10
0010111111
0000000101
0011110110
1110100111
1111110011
0000001111
0110101000
1010011000
1111100100
1111110101

5
11011
11001
00100
01001
11011

7
0100010
0100010
0000001
1111100
0111001
1110110
1011101

8
10000011
01100010
11000000
11001000
01101100
10101010
00100101
10010111

9
100111000
010000110
111001101
011101010
000111000
110111101
000001110
101010111
001110000

4
0001
0001
0001
0100

7
0000110
0110000
1110010
0111000
1010011
0001000
0110001

7
1010010
0010110
1000111
1111100
0011110
0110110
0011100

9
010000101
000001110
100101110
100000101
111011100
011101010
110101011
110111111
000101100

4
1011
1001
1011
1010

3
000
110
111

6
110010
011001
101010
111100
001101
111100

3
110
100
011

2
01
11

3
100
111
100

1
0

10
1111000000
0010101011
1010001010
0101001010
0001010010
1110011010
1001100110
1100011111
1100001010
1111110111

2
01
00

10
1011100011
1111001000
1001101100
0000110011
0011001011
1100000100
1010000110
0010001100
1101100111
1110000110

5
00000
11110
11101
00101
11001

6
101100
000010
000101
010111
011100
011010

2
01
11

10
1111111001
1110100110
0011100010
1011001010
0111001001
0010100111
1000001111
0100011000
1101110010
0111110011

10
0011110101
0110110001
1101100000
1101111101
1111110001
0001011011
0111000110
1100111010
1001110000
1101101110

4
1000
1111
0000
1000

3
001
100
011

4
1000
0110
1101
1000

3
111
111
001

3
010
111
000

6
001001
011111
101000
100001
000100
001110

9
010101010
000011111
000110000
001101000
101100111
011101101
101111110
001110010
001011110

10
1011101111
0110111101
1001110001
1110000000
0101001001
1011001110
1101111001
1001100101
0110101110
1001000111

8
10100100
00100110
01011111
11111011
01110110
00111110
10110100
01001110

4
1111
1110
1001
0010

3
110
100
111

10
1000100000
1110101000
0000110100
1100000000
1101111010
1001011111
0100101001
0100001100
0110011001
0101011111

10
0111110110
0110000000
1110010111
1001101000
0110100110
1101111110
1101100111
0011000100
0000111111
1000100010

3
100
011
010

5
10110
01110
01110
11010
00000

2
11
11

7
1000011
1101000
1100001
1011010
0100111
1111100
1101011

4
0111
1101
1111
0100

2
00
11

1
1

8
11010011
11011110
01101100
11001111
01000000
00010011
10010001
01011000

3
001
011
100

3
010
001
101

10
0111000111
0111101001
0110011000
1011000110
0110011111
1011101101
0011100100
1101111001
1111011011
1011011100

5
01010
10110
10000
00010
00010

8
11011101
11100100
10010000
00100110
10000101
01010001
11100111
11110111

5
10110
00010
11110
00001
00111

2
01
11

1
1

9
011010111
111100110
100001001
010110101
010111000
010011000
111111101
100010100
111110110

6
100111
011001
001110
101110
000000
111111

9
111111000
001101100
011100110
111001001
010000100
001001111
010000100
000001011
100100100

2
01
11

10
1000110110
1101000001
1001100110
0001010100
0111011101
1010101001
1000100100
1111001110
1111011100
1110100011

2
11
00

3
100
011
101

7
0100001
0100000
1011100
0110011
1001001
0110101
1110110

6
000101
010110
001110
101110
001011
010110

9
001011011
100111111
101000001
100111101
010000100
110101101
000100101
011010010
000010000

9
110010001
010111001
001011001
011001000
011000111
010110011
000001000
111011101
000100111

9
111011011
100101011
010000011
111111010
000111110
101000001
000101000
001001010
100111110

7
0100111
0011000
0100010
0001111
1010001
0000101
1101010

7
1011100
1010000
1111100
1101010
1101100
0001101
1111001

2
00
01

5
10000
01101
10111
00110
11001

6
110100
001001
001100
101010
000110
000011

1
1

1
0

5
00111
00011
11011
00001
10000

4
0101
0011
1110
1100

2
00
10

5
01110
00011
01100
10000
00100

9
010011100
110010101
011100101
011000111
101101101
000010100
000011110
101111110
101100101

10
1010111111
1010110010
0010111011
1100000011
1110001111
1100111011
0001011101
0011010110
1110100001
0101100001

2
11
00

9
110001001
101110001
011011100
001001110
011110111
111110000
000110100
000011001
100110110

6
110000
001010
101011
101100
111111
000000

9
100010010
010011000
101110101
000111101
010111011
111000010
100001011
010110111
101011101

7
0100101
0111001
1000100
1111101
0100011
0001010
0000100

3
110
101
000

5
00110
01000
10010
11001
00101

5
11101
10101
10011
10000
11000

1
0

10
1100101010
1101101001
1111000111
1111111100
0101101001
0010000001
0100111000
0100101001
0110010110
1011111011

4
1010
1000
0101
0100

1
1

3
101
001
001

8
10010011
11111100
01110110
10010011
11101000
11101011
10101010
00000010

3
011
011
000

2
11
10

10
0011001000
1000000001
1100011100
0110111000
1000110000
1110000001
0000001101
0110100101
1111001100
0111010110

5
01100
01010
01010
10010
11100

1
0

9
000101101
110001010
101000110
110011111
001001001
010111011
101110111
000011111
101000110

9
010001001
001110101
011101001
111111001
100101001
000001101
001110110
011000110
011111011

8
10001010
10001010
10111101
01110110
00100010
11010110
11101111
11110110

1
0

4
1111
1100
0110
0000

2
10
10

10
0100100101
0110001001
1101100011
0110101111
1111111011
0111110100
1010110000
1011111011
1110011111
0010101101

6
110100
001101
101011
111110
001100
101001

2
10
10

10
1000101110
0010110001
1100001001
1000000100
0011111111
1000111000
1001111110
1100010011
0011110011
0111101001

8
11011000
11110111
00100001
10001110
01111001
00110000
01110011
01010110

2
01
01

10
0111110010
0111010110
1010010011
1100011000
1101111010
1010001101
1101011001
1101100101
1101010110
0001011111

1
0

3
011
101
101

8
10010000
00100101
00011010
01110001
01111011
10101011
00001000
00001000

6
001110
000011
110011
011000
001110
011000

1
0

2
01
00

1
1

2
11
00

10
0110001101
1000111000
1101100000
1010100010
0001101010
1010010010
1111010010
1011001000
0010011010
0101110000

1
1

2
11
01

8
01000011
11010110
01101000
00101001
00100010
01010011
11110011
11001001

10
1100101001
1000100010
1101010001
1110101011
0100111111
1000010000
0000100111
0101000101
0010101100
0101110101

7
1100001
1100001
1111110
1001000
0110100
0000110
0001011

6
001110
010000
011100
011010
000011
011000

4
0110
0101
1010
1101

5
10101
01101
00110
00001
00011

6
001111
100000
110100
000101
101110
110110

6
111100
011001
000011
111100
111000
000110

8
10110001
10111111
00000100
11010100
00010000
11001001
10111000
11001100

1
0

3
000
001
010

7
0010001
0111000
1100110
1100100
0110100
1100101
0100010

4
1100
0001
1101
0001

6
011101
011110
000000
001010
000111
011100

6
110111
111001
100110
010100
110001
001101

3
100
000
011

3
110
110
000

6
010001
011111
111001
010010
011100
110011

5
10010
01000
01001
10101
00000

7
1011101
1001001
1000001
1100011
1110000
1010011
1100100

10
1110101110
1010010110
1011001100
1000010101
0111110111
0000101010
1111011001
0000101011
1011000111
0111000111

2
00
11

6
100111
000101
010110
101001
111000
111011

5
01001
00101
10000
00111
10001

1
1

1
0

10
1100001100
0000110111
1101000011
1101101000
0100101101
1110011111
0011111100
1010100001
1010010101
1000111001

5
00001
11011
11010
01011
00111

7
1011110
0010000
0000110
0101011
1110110
1011101
1010110

8
10111111
11111101
00000000
00100011
00011110
11110000
01111010
00010011

10
0111111110
1010101110
1100111001
0010000101
0100011110
1110011010
0000000111
1010001011
0010110110
0100110101

5
10101
10011
00001
00111
00001

2
00
01

10
1000111001
1010110111
0010001110
0100011011
1000100010
0101111000
0010000110
1110100100
0111000110
1100001110

10
1000010111
0110011111
0111011110
1000101111
1000101100
1101111100
1000010010
0110011110
0010101101
0111010001

8
10001011
11110101
01101010
10101010
01110000
10001111
10010101
11101011

7
0011111
1111010
1000001
0011010
0011010
0000011
1100111

2
10
10

5
01111
10101
11111
11100
01100

9
001001100
111010010
010101100
000001001
101011001
000100001
001101011
011111011
010011101

6
001100
110010
101001
001110
000010
010100

4
1001
0000
1100
0101

1
0

7
0100001
0111100
1011010
0000010
0101111
1000111
1111101

8
00000110
11111001
00001011
11100001
10000000
00111001
01101000
00001011

5
11111
00101
00110
10010
00001

8
10010001
01101100
11001011
01000111
01101011
11000011
11000100
10101010

10
1011100010
0010101101
0111111011
0000011111
0001011100
0001000110
0010111101
1011110111
1011010011
1100101011

3
111
101
101

1
0

9
010011001
111100101
100101010
000011001
001101100
010010100
000001111
010110100
001010101

2
11
10

9
110100101
001110000
100011000
001001101
100001000
101100010
100110111
011011101
001010100

10
0001111010
0000111010
0010010101
0100000010
0100100010
1001010101
0001111011
1001100011
0011000111
0000001000

7
0001100
0011101
1100100
1011100
0011000
0010100
0001010

9
110100100
001100000
100100111
001010101
101010100
010001001
111111111
000111110
011110011

3
001
100
011

9
100010111
011100101
011101100
000001101
101010010
100000001
001100100
110110011
111100111

10
1100000011
1111010111
0111001101
0000111100
0111010010
1001011110
1001110011
1111110111
1000101011
1100010111

8
01010111
00010101
00011001
11001110
00010111
00110000
01000000
10111000

9
101001010
001111100
111100101
100010110
000111101
111010001
001010001
100001010
000100101

9
011000001
011000011
001110001
001000010
000111001
011010110
010101010
000111101
101100011

2
11
01

7
0100011
1111111
1001101
0111101
1011111
0100111
0011000

3
011
101
010

10
1011101101
1101101011
1000010100
1110100101
1100000110
0000101000
1100100011
1011111011
0100101101
0111000100

4
1110
0011
0001
1101

3
101
110
100

5
10000
00010
11110
01000
10111

8
01111100
00001011
11100111
00011011
11111011
10110101
10000100
01111110

10
0110110000
0111001100
1010111111
1001110000
1111100011
0101001000
0010001110
1010100100
1110110001
1011010001

10
0111111100
0110110101
1000111100
1000011111
1100111110
0101111110
0001100000
1111000001
1001110100
1110100011

2
00
00

7
1110000
1100000
0111101
1100011
1011110
0101000
0001101

9
011111010
000101110
001001010
110010000
100111100
011110111
011101010
000011011
101001000

5
01100
11100
01111
00111
10100

5
01111
00101
11001
00101
01010

3
010
111
011

1
1

4
1010
0001
1100
1010

10
1100010100
1111000011
0011111111
0001101001
1100100000
0001111110
1010110001
0000100000
1100111110
1001110010

10
1011111001
0110000001
0110100111
0001100011
0011000110
0111000001
1111101101
0110001001
0001100111
1110011001

7
0100011
1110001
1100111
0010010
1101000
0000000
1011011

5
01111
11101
10011
01111
11000

2
10
11

5
01000
00000
00000
01010
10101

3
000
010
100

4
0010
0000
1111
0000

1
0

4
0000
1001
0111
1010

1
0

2
00
11

8
11110010
10101000
01011001
00111010
01000001
00011101
10111101
01110011

2
00
00

3
010
101
110

6
110010
011011
000011
010111
101101
101111

3
101
110
010

9
001001000
010011110
001000010
101100100
001110100
001110100
111000010
000001110
000011101

6
110010
001001
001110
011101
011001
010010

2
10
10

3
111
100
010

2
00
10

9
111100101
111000100
010111110
110010011
001101101
011010010
111110001
011110010
000001010

7
0101011
0011101
1000001
0011001
1001111
0010000
0100101

4
1100
1100
1011
1001

1
0

3
100
110
000

3
101
011
110

1
0

7
1101011
0000111
0011001
0001110
1110001
1100011
0000001

2
00
00

10
1001100000
0110010110
1001001100
0111001111
0011000111
0101101000
0010000111
1111001110
0100110100
0010010001

4
1110
0111
0011
1001

7
0101100
0001111
0101000
0101011
1110100
1011110
1110010

9
111000100
101101101
001101010
001100011
010111001
011101011
100101010
101010011
111101001

10
0111010000
0001100001
0101000000
0000001011
0001001111
0001100100
0001000010
0100101100
0101011010
0010110101

2
00
01

6
000110
010110
000110
101111
010010
101011

6
110010
001110
010111
110011
100001
000001

10
1101000001
0011001010
0101111111
0100001101
1011100111
1101001111
0000111101
1011010001
1001000011
0110100101

6
100111
100111
010100
000100
100011
000111

2
00
01

8
00110111
10111000
10000100
00001110
11111110
10111101
11110000
00011010

10
1001110011
1000000110
0100000100
0101000001
0110001101
1100010011
1001110011
0011110000
0100101010
1001011111

10
1101010000
1000000011
0010111111
1011000110
1101110110
1101111111
1100010011
1000101101
0110001000
1011100111

8
10101110
00100001
00100000
01100010
01001000
00010000
10110101
01110001

1
0

4
1100
0000
0000
0100

9
110000001
101001111
110001110
111100001
101110001
001010001
101100010
100011001
101000110

4
0111
1010
1000
1010

3
010
001
101

1
0

10
1110110110
0011110110
0111100011
1000011111
1011100010
1110111101
1100000011
0010110110
0000100010
0100000110

4
0101
0101
0101
0110

6
000010
110001
011101
001111
001101
001111

8
10000111
01111111
00010010
00110000
10000100
10001101
11110110
11010100

6
110111
000111
101100
000101
101111
101000

3
011
001
011

6
001011
000110
000010
011011
011000
000011

6
010110
110011
010110
110100
111010
101111

1
1

9
010000110
000010000
001100111
111101111
100100011
000101010
101111000
111000001
101001110

4
1111
1111
0111
0101

4
1101
1001
0010
1111

8
11100000
00101111
00011101
11101110
01010001
01111010
10110100
00010100

2
00
10

7
0000001
1110101
0000010
0100000
1011110
0110111
0000101

7
0011111
0110011
1100110
1100010
1100011
1111111
0101101

4
0101
0010
1001
1100

1
1

8
01000011
01101001
00110100
01000001
10010101
01110110
11100011
01000100

8
00001010
10111101
00011011
00111001
01011111
00100011
00001011
01111010

8
10001010
00011000
00010010
01000110
01100100
10111001
01111010
00001111

3
000
110
011

2
10
10

1
1

8
00111111
00000101
00111110
00111100
01000000
01101110
00010111
10011101

5
01101
10001
01000
11110
01011

2
10
11

8
11101110
10100110
11010110
10111111
11110100
10100000
10010110
01111010

1
0

1
0

3
010
000
110

4
0110
0011
1011
1100

5
01101
00011
11101
00111
11100

3
110
111
100

5
11011
01010
10111
01000
00011

9
110101011
010101000
000111111
010011010
000001100
001100100
101110010
111101011
110011100

7
0011101
1010111
1010100
1010000
1110010
0110111
0100010

1
1

9
011011110
000011011
001101010
100011010
001010011
101000010
110100010
011100010
001000101

9
111011010
011111011
111100110
110111100
000011111
111101000
010111100
001111110
010110000

1
0

2
00
11

5
01001
11010
01010
00101
00010

8
11001110
01110011
11011011
01011101
11100100
01100101
11010111
10001000

1
1

7
0111101
1101100
0000011
0111001
1100111
1001111
0100011

3
110
000
001

7
1110010
0000111
1101011
0110000
0001101
1011011
1001111

6
001100
001011
101110
110110
011110
000111

5
10111
10110
00100
10000
00000

8
11000100
10001110
00111001
10001101
01001001
01110010
11010001
11000111

8
10011011
11000010
00100111
00101110
00100001
01001011
10111110
10000111

5
10001
00100
10101
11111
10100

10
1110011111
1100111001
0001001100
1100111000
1100000010
0011101101
1011010011
1001111011
0110101001
1101101101

10
1011000001
1000010111
1100011011
1000111001
0000100011
1000011011
0100011010
0100010111
1100001100
0001100101

3
001
010
010

6
110000
111000
100100
001100
011110
101011

8
01110011
10100100
00000000
10100101
01111101
10001110
11100001
00100100

4
1001
0101
0100
1011

4
0000
1110
0010
1101

10
1111100011
1101010001
1001011100
1001111101
1110001101
0110101111
1110111010
1110000101
0110101100
1000100001

3
111
100
110

4
1010
1001
1001
1010

7
0010011
1110101
1101001
0001001
1101101
1110011
1000101

6
010111
101000
010111
001000
001001
110111

1
1

6
100101
101010
111001
101001
111010
101101

7
1111101
0111011
0010111
0111110
1010001
1101001
1010000

7
1001110
0101000
0111111
0010001
1001011
0110101
0010110

1
0

8
00001111
01100011
01001111
00001101
10101001
01001111
01111110
11010101

8
01100001
01111100
10000000
10101101
10000010
10101111
10111010
10110011

4
1001
0000
0101
1100

7
0101100
0011000
1001110
0110100
1101110
1000011
0111010

10
0001100101
0011100110
1110000101
1100110111
0001110111
0110111100
1001100010
0001101110
1001101011
1011101001

10
0001010001
0011001101
0000110011
0000101011
1000010100
0101010011
0101000100
1111110000
0101110100
1010000111

3
010
000
110

2
10
10

4
1001
1100
1110
1001

2
10
10

6
111000
110001
011001
111011
000101
001001

4
1000
0110
0110
1000

5
10011
01110
01000
01010
01001

3
011
000
100

3
111
110
101

2
11
10

8
01000111
01000001
00101110
10110011
00001100
11010000
00001100
11011100

9
101010111
100000100
011111101
011110101
100111010
000110001
000111111
100110111
000101111

5
11010
00001
01100
01110
11111

2
00
00

2
10
11

1
1

4
0011
1001
1011
1101

10
0001001010
0101011111
1110010010
0000011100
0001110110
1000011011
0111111110
0110000100
0101110100
1100011101

7
1001111
1111111
0101000
0100101
1110011
1010011
1110111

3
011
101
000

6
001110
111010
011110
101011
010101
101000

10
1010000001
0110010101
0101001100
0011100101
1011011110
1000001101
1101011111
0011000011
1111101101
0000100110

3
110
010
111

10
1000011011
1000001110
0000100011
1000110011
1101010000
1111101010
1110010101
1100000100
1010101000
1011000001

7
1100011
1101010
1001111
1110100
1001011
0000010
0100000

10
1011111100
0100100110
1011110010
0010001010
1100001011
1000001000
1110010010
1000100111
1101011100
1111010100

7
0001101
1010001
1000010
0111011
1111010
0000001
0000101

4
0101
1111
1100
0001

6
110001
010001
001110
010111
001101
100111

5
00001
01001
01000
10111
11011

9
010011001
010111000
100010001
110011001
000101100
000101111
110011111
001111100
110111101

7
1111110
0111101
1011110
0111000
0010011
0100111
0010011

6
010010
100010
001111
000111
111011
011011

6
001000
010111
110100
110011
001111
001111

4
0001
1000
0010
0001

2
01
00

2
11
00

4
1110
0101
1011
0100

10
1011001010
1011010011
0001000001
1111100001
0000100000
1011000001
1011111011
0111110101
0111001011
1001010001

6
101101
000010
100101
110001
001111
010010

10
1101000101
1011111100
1110001000
1010101010
1010010010
1101001011
1001010000
1100001011
1011000010
0110101000

2
11
00

8
11110100
00110001
10001101
00001111
11011010
00101010
01110011
11000101

6
100010
111001
001010
101001
000010
001010

10
1011101000
1011100011
1111001101
0111001100
0011010011
1010001100
1001000111
1010110100
1101111010
0000111010

5
01111
01011
00001
01010
01000

6
100001
110011
001000
110110
010010
101110

9
010101000
010001100
011101101
100101010
011001101
000011101
001110101
010000100
111100101

6
010111
111011
100110
011100
101001
000110

7
0100000
1101001
0000111
0101010
0110100
1100000
1100111

7
0111111
0000101
1110010
1110111
0001101
0110110
1101110

1
1

7
1100111
0101010
1000110
1101011
0011101
1011001
0111001

3
001
111
101

7
0011100
1100001
1000111
0111010
0100100
1010011
0100110

5
10001
01100
00110
10011
11001

9
101110011
001100010
101000001
010011010
110101011
010111101
010101010
111101011
010000010

8
00100111
10001100
01010000
11100110
01010100
01010010
10111110
01101000

7
1111011
1010110
0101101
0000111
1000001
1111101
0000001

5
11100
11010
10011
10110
00010

9
001000110
001000100
100011111
111111110
011001110
010111010
011000101
101101001
010111111

9
010000101
111010010
001001100
111111011
001111011
111110100
000100011
110011110
000111100

6
111010
001001
001110
111101
000011
000100

5
10110
00101
10110
01010
10010

1
0

