615
10
1100011110
1010100101
0100011101
0100000100
0101110110
0010110000
0000110101
0100100111
1110011111
1000010100

3
100
101
101

1
0

9
100011111
001100000
101001111
110111111
110000011
001010011
111011010
111111000
010011010

8
10011100
00010101
01101011
11111011
10010111
11001110
00111000
10010000

3
010
110
110

6
001000
011111
000100
010011
111001
101011

1
1

9
000100110
111110011
001001100
011110011
100111001
110001010
110101101
100001101
011110000

6
001101
101000
101000
111111
011110
110110

3
000
110
001

2
11
01

1
0

3
111
110
011

3
101
000
101

7
0011111
0001010
1001101
1000110
1000000
0100000
1010101

9
001000101
010111111
101000110
101111100
110110001
010110001
101000001
001000111
101101001

4
0001
1001
0100
1000

4
0011
0011
0111
1101

5
01100
10101
10000
10111
11000

10
1010111010
1111010101
1101001001
1000111111
1101010100
0000111111
1000000100
1010010010
0110000110
1001011101

6
110010
001100
100101
101001
101110
011000

7
1100011
0110010
1100101
1111000
0011010
0001011
1010011

5
10111
10110
11101
01000
01111

8
01100100
01001000
00000011
01110000
11010100
00010011
11000011
10101101

10
0000011000
0101111011
1010001000
1111111011
1011101110
1000101010
0110101100
0100011001
1100100010
0001110100

6
101001
001100
000111
100100
011010
100011

5
10111
01101
01111
01010
11111

3
101
111
111

8
10101011
10110100
01111010
00000100
01011101
00100001
01100001
00011001

9
100011111
010001111
011101000
001001001
100010100
011110001
101111111
001111010
001001011

10
1111101000
1010000111
0011001101
0000010011
0000100110
1101110011
1011001100
0010100011
0110101101
1101011111

5
10000
11000
00001
01001
10110

6
100111
011001
010001
111011
000011
010101

1
0

3
111
111
001

1
0

2
00
10

3
001
101
000

6
010101
101010
111111
010000
010000
010100

9
110010000
110001101
101111111
010110110
101110110
001101000
101110011
100111000
011101000

3
011
111
101

4
1001
1011
1100
0011

10
0100000011
1100001101
1101100100
1100101011
0110110001
1010110011
1000101001
1000010010
1110101101
0101010010

2
11
01

7
1011011
0111101
0000110
0101111
1011111
1010010
1111110

10
1000110011
0110000101
1100010101
1010001000
0011011110
1000011110
0100111000
0110111100
0111001100
1010110010

1
1

9
010001001
011101100
011010100
101000001
011101111
111110000
110010111
000000001
010110001

2
00
10

4
1001
0100
0011
1101

9
100000011
111111110
101011100
010001001
101010010
100001100
011001110
001001001
111101010

6
101001
110111
000010
110000
010011
100010

9
001011101
110001110
001011110
101001011
011001110
001111011
101011010
101110011
110100000

10
1100001010
0101001001
1111111110
1001110000
0011011110
0010111001
1011001001
0100001011
0101010111
0101010111

4
0010
0101
0100
1001

2
00
01

6
001011
001110
110110
110110
011110
000001

8
00011110
00010101
10011101
00001001
00001101
01000000
00001111
10100011

3
011
011
011

3
001
101
000

8
10011000
11001011
11001010
10110000
11110011
11011000
10101100
01010110

1
1

2
11
00

2
10
01

2
11
10

2
10
00

4
0011
0010
1011
1110

7
1110011
1111110
1011001
1010101
1000100
0010001
1000001

4
0101
0101
0111
1001

4
0000
0100
1101
0000

9
101101010
100001101
000110101
111100110
010101001
001001010
111011111
011001000
101101101

10
1000010000
0010001100
1010001101
0011011001
1011110101
1011010001
0111001100
1111000000
1101011101
1110011000

10
0101110110
0101001111
0001010101
0000010110
0100110001
1101011110
0101110110
0100100111
0100110000
1111111011

1
0

1
0

9
001001001
000111100
010011001
111000001
111100100
010001011
101110110
110000111
100010001

4
1011
0010
1101
1100

3
110
011
101

10
1111011001
0000001001
0110110001
1001110111
0101100100
0010011010
0110000110
1100000111
1111011001
0010010001

6
011100
100000
100011
101001
110110
110011

5
01111
00011
00000
11001
01011

3
100
111
100

3
000
000
010

6
001100
010100
011011
101100
100111
111110

4
0101
0110
1000
0111

8
01001000
01110000
01001100
01100011
01111111
11100000
01110111
10101001

1
0

10
0010011000
0001110011
1011111000
0100100010
1100000100
1100111000
0001001110
0011100101
0000010100
0001100011

8
10011010
11011101
10000111
01000111
11111100
10111100
10111101
10001110

7
1101111
0000000
0000001
1000100
1101001
1110011
1101101

2
01
00

9
001100010
011101101
001110100
000111110
110001001
100101001
111010000
000110100
110000010

10
0111111011
0010110100
0100100101
0010101011
0010100001
0001100000
0111011001
1111001100
1001111011
0000101000

6
100011
000110
001010
101001
010101
011100

5
11011
01101
10111
10010
01101

4
1000
0001
0101
0000

5
10111
00110
01000
01110
10011

3
000
111
000

1
1

8
10101010
00100101
00000100
11101001
00110001
00010100
11011000
11000101

4
1111
0010
0111
0010

7
0010100
0000111
1001001
0000010
0110101
1000010
0011111

4
0110
0100
1110
1011

8
01011110
00111010
11011111
10011011
10111101
00101011
00100001
11010101

2
10
10

5
10011
10001
00111
11101
00110

7
1001100
0001111
0110111
0110000
1110011
1111110
1010110

7
1000101
0111110
1110000
1110001
0001000
1101001
1100110

6
111110
011000
000101
011011
000101
010001

10
0100001111
0111000101
1101111011
1110001001
1101001100
0110101011
1111010010
0010111000
1111011000
0000010101

6
000011
000111
101000
011110
110011
101111

2
11
01

4
0110
0111
1100
1010

5
11001
01111
00000
00010
11010

3
000
111
011

5
10010
11101
00000
01100
10001

10
1011010100
1110100101
1001001011
0110010100
1000000100
0011001101
1011000010
0001001110
0101101110
1100111111

3
111
000
010

7
1111011
0100100
1011100
1111001
1011000
0101010
0000111

9
100000000
011001101
111111011
001111010
101101111
110011101
000011010
100101010
100001100

7
1011001
1001010
1110110
1010010
0110010
1011111
0110010

5
10000
00001
11000
00011
11100

10
1001000110
0111001101
1111101010
1111101010
1010000111
0100100101
0010100111
0010010110
1011011010
1000011100

2
10
11

8
10001110
11011101
01011111
01011111
11010011
11011001
10100111
10110010

2
10
01

7
1011001
1111010
0100011
1010011
0010111
1001001
0111101

7
0110110
1011011
0010000
1000100
0101010
0100111
1000101

1
0

4
0001
1001
0011
0110

10
1110100011
0101000101
0101101010
1111111001
0111001110
1101100001
1000111101
1101101101
0101110000
0000010000

9
111101010
111101101
001100010
101111000
100110010
110011100
111010010
011001101
001011111

7
0001010
0011010
1011100
1111010
0001000
0111110
0001000

2
11
11

9
000101011
000111000
001010100
111101010
110010101
000011001
100110101
110011100
000110111

3
011
010
101

6
000001
000001
011011
011011
011101
001010

7
0100100
1101001
1001100
1011111
1111100
1010111
1001100

9
001001000
001011110
010110110
011100011
111001100
011010000
100111011
000101010
000110111

6
010010
100000
110100
111100
100111
010100

9
010100110
101011011
001010001
100011110
100101101
000110001
011000100
010101011
110011110

1
0

8
00010111
01001101
11110110
00010100
11101001
01110111
01011100
11000001

5
01001
01100
10000
00011
00001

1
0

8
01000110
10100001
10011000
01101001
01101010
11110000
01001011
11010100

3
111
100
101

8
00011100
11011001
10000001
00011110
10001101
10011111
10100010
11000111

9
001010100
101010010
101110010
000111010
110100000
110010011
100110010
111110011
011101001

8
11000100
00100011
10101110
00001111
10011101
10010101
01000001
00010001

9
001010011
111101100
001110100
111010011
111100010
010000110
010001001
001111000
100101111

9
010111001
001111010
000110011
110000110
111000101
001110010
000000001
001100100
011010100

5
11001
11101
00011
01111
01110

7
0101010
0001000
0100010
0111001
0011101
1000101
1001110

2
11
01

10
1000010110
1100101101
1100100110
0000000000
0100100011
1111111110
1011101010
0000101101
1101010000
0001010111

7
1110011
1111000
1110000
1101000
1001001
0111111
1101011

10
0001001100
1101001010
0000101101
1101010101
0011010011
1100001110
0101111110
1000011000
0110111110
0001101110

9
110101100
010100110
001011011
010101111
100000001
101100110
111111101
010011011
000100001

2
00
01

1
0

8
11101100
10001100
00000001
01000110
01101011
00110100
01010010
11000011

2
00
00

4
0011
0001
0111
0000

4
0100
1101
1010
1111

3
000
101
110

1
0

2
00
00

6
110001
110111
011111
110101
100000
101001

8
01010011
00001011
10110101
10000010
10000110
01101101
10010000
01100100

7
1000110
1010101
1101111
0111000
0100010
0010111
0010001

9
101110010
101011101
101010110
010110010
010101110
101000011
010010100
101000000
011011111

4
0010
1000
1111
1100

3
111
101
001

3
111
110
100

5
01110
10001
10110
00000
01100

8
11001011
00100100
00010010
11111011
10000100
11111111
10100110
01000110

1
1

9
111000001
110100101
000111101
001001011
101101010
001111001
100100010
010000000
110001111

7
0000001
0110010
1101101
0110010
0110101
1001111
0100011

9
100100111
110000011
001100000
010000101
111011010
011000101
001011011
101011011
100111100

4
1101
0101
0111
0000

8
11001111
11110010
00010001
11101110
01000101
10100101
01111010
01001101

1
1

4
0110
1111
0101
0001

10
0010100011
1011010110
0000011010
0111110001
0001100101
0011111010
1110010001
0111100000
0010011011
0010010010

3
110
011
010

9
110000010
101001000
011111010
101011111
011101011
010010100
111101010
101010100
101101100

1
0

5
11011
11001
01011
10001
11101

1
0

6
111110
110100
100010
111010
100110
111001

1
0

5
01010
01101
10000
01111
10011

1
0

5
00110
01010
10101
10011
11100

8
00001001
10101011
01001001
10001000
01101011
11110001
11110011
01110100

5
01101
10000
10000
11100
00101

4
0001
1101
1111
1110

5
00101
11000
01010
01010
10001

3
101
001
010

1
0

2
10
10

10
1101001001
0110110000
0100101001
0111011100
0111000100
0101101110
0101011010
1111101111
0101000010
1101101011

7
1101010
1001001
1101001
0100001
1100110
1110110
0111101

4
0010
0011
1000
0110

4
1001
1001
1100
0100

1
0

8
00001100
00101011
01110000
10001110
00101111
00010100
10010011
01100010

7
1111111
1100100
0100110
1100000
0100100
0110010
1011001

7
0110010
0110001
0110110
0010010
0010011
0011001
0001011

7
0111011
1111110
0011101
1011110
0011110
1110111
0100100

6
001110
000011
111000
001001
111001
011101

9
111011001
101100011
001100110
110000011
101001101
101100001
100011011
000100100
101010100

6
001000
111110
001100
010100
101011
010100

7
0010000
0100111
1010100
0100111
1111110
1100000
1100000

6
110111
010010
101100
011010
011011
101100

7
0001100
1010010
1111101
0001100
1001100
1110011
1101000

5
01010
00100
00001
10010
01111

6
000010
001001
001000
111110
001010
111110

3
011
010
111

9
111111010
110100000
001111101
011011011
110111010
111110000
101101001
000010111
100111000

2
10
11

2
10
10

4
1101
1100
1100
1001

3
001
101
011

9
001001000
000001100
010101100
010011100
010100101
011111000
110001100
000101010
101010110

7
0011000
1100100
1101111
0100111
0011101
0010111
1101111

6
100110
111100
101001
001011
100000
110100

3
111
011
011

6
111000
100111
011101
101011
010111
010010

5
01010
01011
11101
11100
00001

9
100001011
100011100
110100100
001011111
001011110
000110101
101100000
100110000
110001000

3
110
011
010

3
101
000
101

9
101100000
001001101
011100011
101101001
111000101
101011011
101011011
110010100
100001001

10
1000110010
1010001100
1100011011
1110101110
1101010001
0000111111
1110001010
1001101100
1101100100
0010111011

9
001101010
101011011
110001010
100011001
010001011
000110000
100111101
001111100
011111110

8
11101100
00111110
11101000
01101010
10100100
01100110
10100000
01011000

10
1010000011
1101111001
0100011100
1001000111
0100100100
1010111011
0011011101
0110011110
0110101010
0111100001

9
111011000
111010101
011000100
001000111
111011000
001101000
000100101
011010010
100111110

6
011111
111101
110001
001010
011010
100011

2
00
10

2
10
10

3
010
101
000

10
0110111000
1010000110
1000001100
1100101111
1101101010
0001110111
0011010101
0101001111
0011101101
0010111001

9
110011111
001111010
000110001
000100001
011101110
000110111
011111110
000010000
110010111

4
1011
1110
1001
1110

4
0010
1101
0110
1000

6
001100
111011
100001
111101
011001
011000

3
101
010
100

5
01110
10111
11100
01010
01100

4
1000
1011
1111
0101

9
000001100
111110010
101101011
010000010
000110111
101100100
110010010
101111101
111011110

5
11111
00010
00110
00111
01111

8
01110101
01110111
11101010
11001111
11101000
00111101
10010111
11111101

6
001011
010100
011100
000110
011000
000101

9
000110010
100001111
101011100
110100111
101100110
101110101
001001101
110000101
110000111

7
1011001
1000110
1011100
1111000
0110010
0010001
0111001

6
110110
010011
100110
011010
100000
101011

10
0100010001
0110001010
0110100011
0101101100
1001100000
1110000010
0100111111
1001110111
1110000110
0100100111

1
0

9
111111100
011001101
100100001
111111111
001101110
110000100
101010011
110100110
010011101

10
1111101101
1011000011
1111100000
1100101000
1100101110
1000010100
0010101001
1011100111
1010101110
1001110100

1
0

6
100100
000111
100010
101100
100100
000010

4
0110
1001
0000
0100

1
1

3
111
001
111

2
00
01

2
00
10

4
0011
1101
0111
1011

2
10
00

5
10100
11110
00000
00101
01111

1
1

3
111
010
111

8
01011111
00011010
00100001
11001010
11101000
10001011
01100001
01110110

6
101010
001010
011110
010011
001001
100010

10
0111111000
0100010111
1001100110
1010111000
1011010011
0111101011
0100101010
1110100110
1101100100
1111100110

1
1

6
001101
010011
110110
111010
000111
100100

8
11011010
01001010
10011001
10011111
00001100
10000101
10100001
00001011

10
0011011011
1011000001
0001100001
1000011100
0001100001
1110101100
1001011101
1010101110
0000101100
0011011000

2
10
00

6
101110
100101
001010
110001
101101
110011

9
010101110
111010000
100100111
010100010
101010001
010111101
010111010
101001001
001110101

6
111001
000100
011111
001110
110110
101011

9
100001011
011000110
000110001
001110000
010000111
011001001
111000110
110110101
111001101

6
001011
001011
010101
110010
011000
100110

6
010011
111110
000011
111111
111101
110110

8
01110011
10000111
10110101
11011010
01101001
00100000
11001100
01001110

7
1111001
0010101
0000010
0101110
0111101
0101010
0000001

4
1011
0010
0111
1110

10
0010101111
0001001011
1110010000
1100011011
0100111111
1110110011
0011000001
0000100001
0001010011
1010000010

9
101110000
110010100
110011000
110101110
001100100
011010011
010001100
010001000
101101111

8
00111101
11000111
00110110
11011010
00000110
00111110
00100110
11001000

9
010000001
011010100
001111010
101111100
000111110
010000001
000111110
100010011
000010100

10
0101110001
1110110000
1110110111
1000110000
0110100111
1000000111
0110010100
1100010010
0100010011
0011001111

1
1

8
11101011
00001000
11100001
01110111
11100100
11111110
10110001
10100011

5
10101
01111
01101
00000
10001

8
00000000
01100101
10001111
01011000
00100101
11011000
11010100
10001011

9
111011011
100101100
110011111
000001010
001011100
101001110
010111011
111001111
110110111

2
00
10

9
011011110
101000101
011111111
111001100
101101011
100010101
111010001
100011111
111010101

4
0010
1000
1110
0111

8
10100111
01111011
00111000
11000111
11001010
00111101
10111101
11110100

4
1011
1101
0001
1110

5
00100
10010
01101
11000
11110

4
0001
0111
1001
0101

1
1

6
001001
111001
100011
010001
101111
001001

10
1010011100
1011101110
1100011110
0000100100
1000010111
0001011010
1010110100
1101000110
1111100100
0000111000

6
011010
000101
011010
101001
001000
001001

10
0110011010
1100010000
0111101010
0000101110
0000111101
1001100111
0011011010
0011011101
0111101001
1000100011

3
000
101
111

10
0001100111
1011111111
1000111100
0000100001
1011101010
0110100001
1110000110
1110011000
1110111101
1001111100

8
10100010
10111110
10100111
01110001
00110011
00011110
11110001
11010111

1
0

10
0110110010
1010001000
1001001110
0100100001
1000100000
1001100000
1101000101
0000001011
0000111101
0101110110

4
1001
1011
1101
1010

10
0001011100
1101000100
0010110101
0010011100
1111100001
0101010011
0000110000
0110000100
1011110111
0111110011

6
000100
100011
011000
010101
111110
011000

2
01
01

2
01
00

6
110111
100010
100011
101111
100100
001111

2
11
11

7
1110110
1111011
0110010
1110110
1111100
0011011
0000010

5
11100
11101
00100
01111
11010

5
10010
11011
10101
11000
10001

7
0010101
0010010
0110110
0011111
1110101
0101100
0010010

5
01010
10100
10011
10101
11101

3
111
010
111

2
00
10

8
10000111
11110110
11111110
00101000
11000011
11010011
11100000
10110011

5
11010
11001
10111
01011
01111

2
01
01

9
110111100
110001001
101100010
001010001
001010101
111110000
000111101
110100101
101101100

3
100
010
001

4
0010
0011
0110
0000

7
0101100
0010100
1111111
1001100
0000010
0001110
1010011

6
000101
000100
010101
001100
001101
011001

4
1111
0110
0101
1011

7
0101111
1101011
0111011
1101000
0011011
0001010
0101001

5
00001
11110
01001
01111
00001

1
1

6
001111
001000
111011
111011
101100
001111

4
0111
0110
0111
0111

7
1100110
0110111
0100000
1101001
0001101
1011000
0011001

3
010
111
101

5
11110
11000
10011
11100
10100

3
010
100
110

9
011010010
001110010
010101111
000111010
101010110
110011000
011110100
010111010
100000111

1
0

6
101010
000111
101010
111100
010110
011000

5
10101
11110
01010
11101
01011

7
0101111
0101011
0000000
0110010
1100111
0101011
0111111

8
01100100
00010101
10110111
11111001
10100001
00010111
01010110
10011000

3
100
010
110

4
1111
0000
0100
0100

4
1011
0100
0001
1100

3
001
001
110

5
00010
00101
10111
00011
01000

1
1

8
01100000
11001101
11001101
10001110
01010100
00111001
01001110
11100010

10
0101111001
1110000111
0011000010
1101111100
1100101111
1001011000
1100101110
1011100101
0100110100
0111011011

4
1110
1100
0101
1001

2
00
10

3
011
000
111

7
1100010
0000101
0000001
0100000
0111010
0010011
0100101

1
1

9
000101000
011110000
100110011
111101000
011010100
111100000
001001110
101010110
000010000

10
1010001100
1000000011
1101101001
0100101100
0010011101
1100111011
1001010100
0010011010
1010100000
1101111100

9
110101000
010011010
000001101
000100001
001011101
101010000
001011010
101100111
100110010

1
0

5
10100
00011
10000
00101
00101

5
01001
10101
01001
00011
11101

9
011001100
110011111
100011001
001101100
000111100
001010000
011001001
111111000
100001001

8
10101000
11100010
00101000
00111011
01011000
11001010
10101110
00101010

10
0000110001
0000100111
0110000100
1100011001
0101111111
0010000100
0101000001
0011011010
1000101111
0111011101

8
11001001
11110101
01010101
10110110
00011110
11111010
10110101
10010100

7
0101000
1001101
0000010
0010110
0011011
1101010
1000010

6
100011
011101
001011
001101
000011
110110

5
00000
11010
11110
01000
01100

9
110011010
010100010
000110110
010101101
100011110
001001010
010010100
001011011
101101011

10
1100100001
1010000011
0010111111
0000010101
1111011100
1000011100
1101010001
0101000011
0011000001
1111001000

10
0110110111
1000011000
1100100000
1100110010
0001101100
1100111111
1011101110
0000011001
0100101110
1001001110

3
011
101
101

8
10001100
00101000
11000011
01010010
10111111
11110100
00110111
11000001

7
0111010
0010010
0111011
0001010
0101001
0010111
1111101

3
010
010
111

7
0001101
0001000
0000101
0010101
0111100
1010110
0110010

3
100
111
000

8
01110110
00111110
00100010
01110101
11011011
00001010
01000011
01000111

2
11
01

5
11101
00001
10010
10000
00010

2
01
00

2
10
10

2
01
11

1
1

4
1110
1000
0100
0000

6
111110
010000
010111
110001
111100
010111

9
010011011
011001011
100011011
110001110
110001010
000111011
001000010
101101111
111000100

1
0

5
10010
00000
11111
10001
01010

2
01
01

10
0101110100
0010101010
1010100101
0101101001
0010000001
1110101110
0011110111
1110111001
0011010100
1101111111

1
1

4
0001
0101
1110
0111

2
01
01

6
101011
101111
110010
010111
000110
010101

9
010100110
001100110
101100100
100000100
010001001
111111101
101011001
000001001
111101001

2
01
10

8
00101010
01100011
11110010
10100110
00101010
11010010
00100101
11100111

1
0

7
1101111
0101011
1100010
1000111
1101011
1111010
1111111

7
1011110
1001101
0110100
1101100
1101010
1010100
0110010

3
111
101
111

10
1010110111
1111101000
0000100110
0101110000
1010110011
1000011100
1111010000
0000110011
0011000101
1111110000

6
100101
111011
101101
010110
110011
011100

8
11010001
00111101
01100011
00011011
11100000
00110010
01010101
11000111

4
1100
0111
0100
1101

1
1

9
101101011
010100001
100001011
001000101
100011000
111100011
010011110
001010011
001110100

5
11000
01110
00100
00011
01100

6
111001
110111
011011
111010
000100
000001

6
010010
011110
111111
110100
111010
001001

10
1100111001
0110110111
0000101100
1010000010
1101000000
0100001100
1001100001
0111001001
0110001011
1001010010

10
0000110110
0001001001
0111111000
0111011010
0011100000
0100011111
1101100110
1011111110
0000000000
1110010110

2
10
10

1
1

4
1100
1001
1001
0011

1
1

2
01
11

3
011
011
000

2
11
10

9
110100101
000010001
000111101
000001101
101110000
101101110
000000111
011100111
110111000

6
011110
010001
110100
110000
101100
011001

5
00110
11110
11001
11001
01110

1
1

6
000101
011011
111011
101101
100010
010010

10
1011110010
0001011110
1000111100
1110000101
0110011011
1001010001
1011000011
1000110101
1101010000
1000001110

6
110001
000010
001001
011110
100101
000110

10
0110110101
0101010011
0000000010
0101111011
1010100011
1101000111
1100000100
0000110111
0011001110
0010101001

10
1111010111
0001011111
1100110100
0010111011
0101010110
1100110000
1111111000
0000101000
0110000010
0000001110

7
1000001
1010101
0111100
0001010
0100001
1001100
1101010

10
1000010011
1001100000
0110110111
0000011011
1010000101
1010010010
0100001010
1011001010
1001010111
1000011010

2
00
10

6
011010
000100
100100
110000
111111
111001

3
010
111
101

2
10
11

4
0100
0110
1111
1100

3
110
010
100

7
1101110
1010101
1000111
0010010
0101000
1001011
1101000

1
0

4
1000
0001
0101
1111

10
0011011111
1011000001
1100000111
0010111101
0101100101
1011011111
0000010001
0100101000
1001001000
1111000011

1
0

2
00
00

4
1100
1011
1110
0011

1
1

5
00100
10000
01110
00000
11100

8
01100000
10010100
11001011
01001001
00101001
00101110
00100011
00011101

1
1

10
1001010111
0010001011
0110000101
1010111011
1000111001
0000011111
1001010100
1000101001
1011011110
1010011101

2
10
11

3
011
010
101

10
0011110101
0110011001
1100111011
0101101111
1001001111
0010111100
1000010001
1111100101
0011000111
1110100010

10
0101110011
1111011000
1011110000
0110111100
0111000111
0100011000
0001100011
1110111010
1110001000
0000111101

1
0

5
01001
01110
01010
01001
01011

2
00
10

6
111001
100000
000110
111011
101111
110010

10
0001000110
1110111110
0100101111
1110010110
1010011000
0101001110
0100101101
0110001010
0001000001
0100100101

5
11100
01000
01010
11000
01000

5
01101
01100
10001
11011
01100

4
0101
0001
0000
1000

4
1010
1001
1010
0011

8
11100111
10000000
10110001
11010010
11101010
01110011
11101101
11110000

7
0011011
0111100
0000101
1000111
0101011
0111000
0010011

2
11
00

10
1000011110
0011101010
1100001101
1000100011
0001111000
1000001100
0100100011
1011010000
0011011000
0011011011

7
1110000
1010011
1011101
1011010
0000111
0111010
1000100

10
0001000111
1011101100
0000100011
0101111100
1111110000
0110011010
1000100000
0000011000
0110000110
1101101100

7
0111000
1100111
1100000
1110110
1011010
0010110
1001101

1
1

6
100011
001100
001010
101000
101010
010110

3
010
100
110

5
00000
11000
01001
00010
10110

2
10
01

4
1101
0111
1011
1001

4
0011
1001
0011
1111

6
001000
100001
000001
000001
010001
101011

10
0000000000
1010011101
1110011100
0110111110
0000010000
0010011011
1011000111
1001111101
0100110000
1111010000

5
00100
00000
10010
11110
11010

2
01
01

10
0001010101
0000010000
0110010100
1011110010
1100001001
1001011000
0001011100
1011111011
0000111001
1011010100

6
001110
001100
001010
010110
111011
011101

7
1100010
1011000
1010010
1100111
0001011
0101010
1000001

6
101111
001011
111101
110010
101000
101110

6
110101
000011
001101
100001
100010
001000

3
110
100
110

1
1

10
1111100111
0011101100
1001001011
0001110010
0010011110
1111110110
1101011011
0010000110
1101001101
1101111001

7
1000010
1110111
0100011
0110111
1000000
1010101
0001101

5
00000
11010
11001
00110
10110

8
00110111
11101011
10000110
10101100
10011000
11101010
01101010
10011100

5
01011
00010
11111
01001
10011

5
10011
01011
10110
10101
01110

2
10
10

3
001
001
100

10
0101010101
0010100110
0011100000
0010001100
0010010000
1000100010
0001110010
1001011100
0110110010
1100001111

7
0001011
0000010
0010100
0000100
1000100
1001100
0101010

6
010101
000101
111001
001000
010001
110111

2
01
00

3
100
100
111

9
001110000
000011100
111101001
001010101
111001010
100100111
101011110
101001001
010100011

10
0110010110
0001100100
0011101001
0001101001
1111100110
1100011111
1011011110
1111101010
0111101001
0111100000

7
1111101
1110010
1010111
1110111
1001011
1101001
0001010

3
010
111
100

10
1001101011
0101001110
0101111101
0011010101
1101000101
1100010111
1101010110
1001100101
0000001010
1100001110

8
10100010
10010000
01001101
11000011
00000110
11000110
00001100
11001101

7
1001000
1110100
0001110
0001111
0001010
0111000
1111001

9
001100010
010010010
001001011
100001111
101100001
101001110
010110111
010010100
110100111

10
1110110010
1101111001
1100101010
0011111111
0000010110
0001110000
1100001110
1100011011
0111010111
1000111000

3
110
100
011

2
11
00

2
01
11

9
111100100
111000000
000100101
000000010
010100001
111011100
001000110
101010011
001100001

1
0

6
101110
111010
001010
011101
110010
110111

3
001
000
010

8
10011101
11011001
01011110
00011100
01110010
11101011
11100111
00000011

2
00
11

9
010010000
101001001
011010101
000111001
100010011
111011101
010000000
100101001
101111110

9
001100011
101110000
111100001
000000100
100000010
110100111
010011000
100010010
011000110

2
10
00

2
10
11

2
10
01

7
0110101
0111011
1010110
0100101
0010011
1011101
0101011

6
010011
110011
001100
000010
001101
010110

2
10
11

6
111101
011010
000010
001011
111010
010100

7
1000000
1101001
0001011
0101101
1110100
0101110
1010001

4
1000
0000
1001
1101

1
1

7
1111111
1101010
1001010
1011000
1000000
0101010
0110000

7
0111101
0101100
1110100
1010100
0110101
1000000
0100001

8
00011111
00111000
10101010
01110101
00010100
00011000
11111100
10101001

9
111101010
001010110
111000000
110001010
100011010
101101000
001001011
010100000
110000110

7
0001010
0011001
1101010
1000001
1011101
0111100
1011110

6
011001
110001
111000
010000
001100
010001

6
010101
000101
101111
100000
111101
000010

9
100000100
100100111
100101010
101000110
010100101
010111000
100101110
110000010
001010101

7
1100010
0100110
1000010
0000111
0100000
0111011
0001110

4
0000
1110
1101
1111

6
111010
111110
011101
111111
110011
000011

1
0

6
011111
110001
010000
010111
000111
010001

5
10110
10000
00011
11010
01000

3
011
110
101

3
000
011
110

6
101100
110110
010011
011011
001111
000001

3
000
111
000

1
1

5
00001
01111
00111
01100
10001

8
00111010
01110101
01110101
10000001
10011011
10110111
10010101
10100010

6
111010
000001
100111
110111
111001
000110

5
01101
00001
10101
10001
01100

10
1011010000
1100011101
1111100000
0101010000
0100010000
0100001101
0000010011
1010001000
0111010011
0101110100

7
1101100
1000111
1101110
0100100
1111000
0101100
1001011

10
0110100000
0111101001
0001011100
0010000101
1010111000
0010100111
1011100000
1001111101
1100100111
0100110010

8
10000100
11111000
00100101
00010110
11111001
00111110
00001111
11111110

1
0

9
011101100
100010111
100010101
100101101
010010001
011100100
001000111
001111111
010011011

4
1011
1000
0111
0110

6
100001
111101
000111
000110
000000
110111

7
1001001
0010001
1111001
0001101
1110011
1011111
1110011

2
10
11

9
111100100
110001110
110110100
101010110
000111001
100111111
001010100
001001011
101011101

9
100011100
000000000
110011111
101000110
100100001
111000010
011001111
110000010
111111011

1
0

1
0

1
0

6
001000
000011
110010
111001
011001
000010

10
0011100010
1000100000
0010011000
0101100010
1100101010
1011110110
0101101100
1011000100
1101000001
0001011100

1
0

4
0111
1111
1001
0001

1
1

1
0

5
00010
10000
10001
10010
11010

9
001101000
110101111
011010111
010101000
011110100
000001111
001111011
011001001
110010011

9
011000001
010001001
110111101
110110000
001000011
111000001
111001001
111000001
000011100

4
1111
1101
1100
0101

9
001100100
110001101
100110100
111101111
000101111
010101110
000110101
110001010
010001110

6
010100
011111
001011
101111
010101
011011

2
00
01

7
1101101
0001110
1101111
0000101
0111101
0011100
0110000

10
1001100101
0010010101
1000110111
1000001010
1011110100
0010011101
0011100111
0010100001
1010101011
1001111101

2
00
01

3
100
110
101

9
010100100
101110100
010010010
011101100
101000101
101101100
110011000
010110001
010111111

2
10
01

4
0001
1010
0101
0110

4
0111
0001
1000
0011

6
111011
111001
001100
000110
011010
000001

9
101101001
001010101
000111110
001111011
111100000
011101101
111100011
111100011
010011101

6
000001
000110
101001
110100
011001
101100

7
1100000
1111011
1110110
1000101
0100011
0110001
0111101

9
010101000
101110001
110100011
110111101
010101010
111001111
101100100
010110110
001110100

2
01
00

10
1001100000
1000000011
0101011110
1011010101
1110011100
1110100001
0000100010
0111011000
0011111110
0100110111

9
010001111
001101000
010100110
110011100
001101010
111111011
000111001
010000011
000110000

7
0001111
0111011
1000000
1100100
1101101
1001110
1000100

