761
4
1000
0110
0000
1010

5
00110
00110
01010
00000
11011

1
0

3
001
101
011

1
1

10
1101100100
1101001101
1001100011
1110111000
1101101100
1110001011
1001100011
1111011100
1010001110
0011010010

5
00101
01011
01000
01010
00110

4
1010
1101
1111
0101

9
000001101
000111101
101111011
001111101
110110011
100101011
100000100
100101000
000010001

1
0

7
1111000
0110000
0100000
1101000
0110100
1001011
1011100

4
1111
0010
1100
0111

4
1010
1000
1001
1100

6
000010
110111
111100
110000
110110
010011

10
1011100001
1001010111
0111010110
1001101110
1110011011
1000110101
0000000011
0111110010
1011000000
0010100001

7
1011101
0110010
0011100
1010110
1100010
1101000
1011111

7
1000000
1001000
0110001
0010000
1101011
0100001
1010101

1
1

3
110
100
110

1
1

7
1000101
0110110
1100010
1110101
0010100
1001010
1010000

4
1100
1110
0101
1110

2
10
10

5
01111
10111
00001
00001
11101

10
1010111101
0000010101
1000111101
1000010111
1101101001
1100010111
0111111111
0010100111
1111001101
0010100111

8
11110011
11011001
00110000
11100011
10101011
00000001
10010111
01011101

7
1000110
1110001
0110010
0001011
0011101
0101001
0111011

9
100001110
001101101
011000000
101000110
011110110
100111000
100101100
110001010
111010100

2
11
10

7
0100010
0101010
0101101
0010111
1010111
1001101
0001111

2
00
11

10
0100011010
0101011110
0100101000
0101101010
0000010100
1010011010
1111101101
0100001001
1001000001
1101011011

10
0110111110
0101011001
0000101010
1001100011
1111001011
1011100111
1111100001
0010000010
0111100100
0100100101

5
01010
11001
01110
11011
11001

6
001101
001100
100001
111000
100001
001111

3
111
101
011

2
00
10

5
00100
01110
10111
11110
01000

4
0010
1110
0010
1011

8
11000000
01000010
00100100
01011100
01110010
11110110
10001111
10111011

6
001001
011111
101100
110001
010010
100111

6
110100
000001
101010
000010
100111
100001

8
10001101
00100000
00001000
11101000
10100100
00100010
00001101
11001001

2
01
01

10
1111001110
0111111001
0110111111
1111011011
1011010001
0101111011
1100000011
1001110001
1001100111
1010100111

8
10000110
00000111
11011001
01011111
11111000
10010010
01010011
11001111

7
1111000
1011001
0100111
0011101
1110011
0101110
1000010

8
01000011
11100000
00111111
10110101
11010100
01100101
10001100
10011100

8
10011100
01101001
00100100
10001101
11001110
01010100
10110010
01011011

1
0

8
11010110
00101010
00110101
00110101
00011000
00111101
00100001
11011110

8
00011110
00011011
11111100
01100001
01010111
11001111
11100111
11000100

5
11110
01011
01111
10000
11101

5
10101
11010
10001
01010
00000

8
10011100
11010011
10100011
10101101
01100101
11110000
10100101
01011110

8
11010110
10111110
00111000
00011011
11101011
10001000
11110000
00100101

10
0000011100
0110101011
0010000101
1011110001
1100010101
1110101011
1101101100
0001111101
0111111010
1010010011

2
00
10

8
01110000
01000000
01110011
11101000
10110110
01000011
10001000
01101110

6
000110
110101
110101
001101
001111
000110

1
0

2
01
11

10
0000001111
1001001111
0010010001
0000111000
0101001110
1011100000
1100110011
1110001011
0110100010
0001000101

8
00000011
00010000
11011011
11001100
01110001
00101001
10010000
10101101

4
0100
1000
1001
0010

8
10010111
00011110
01100001
00010011
10110111
11110101
00110101
10001110

2
10
10

10
0101110010
1110011001
1010000110
0110001101
0101010110
1010101100
1111000100
1100001100
0010110011
0101010000

7
0101101
0110111
1111110
0100101
1101000
1100100
0110101

7
0111100
1011001
1110111
1100010
0110100
1110100
0100011

7
0010010
0001000
1101100
0101110
1111111
0010111
0001010

8
10101111
01100010
11010001
11101111
11011010
11110000
10000110
01110111

5
10011
01001
11101
11110
01111

7
0110111
1010110
1001111
1000100
0111011
0001101
1001111

7
0011001
1011011
0111110
1011111
1001100
0000011
1110110

4
1111
0001
1101
0101

8
11100100
11100110
10010110
01000101
01111101
00010001
11010110
10011010

4
1001
0110
0101
0001

2
11
00

4
0001
0011
1101
1111

7
1001101
0111011
1011000
0101000
0011001
1100110
1001001

6
001110
010100
000010
101000
101011
110011

4
1000
0001
0011
1000

9
101011101
000010000
100001000
001011101
100011011
010100001
010110110
000100001
101101011

1
0

6
111010
000001
111010
101100
101110
101000

7
1001110
0000110
1010001
0001010
0001110
1000110
0101100

8
10000001
01111000
11001001
00100101
01001101
00010001
00010000
00001000

2
01
00

3
011
011
111

2
00
10

7
1001001
1010001
0110110
1110010
0000101
0001001
1011100

6
000111
100000
011011
011111
100101
111010

8
01101010
00111111
11101011
01001110
01110110
01010111
00011001
11000110

1
1

3
110
010
111

1
0

4
1110
1011
0000
1010

10
1001110010
0000111100
1100010101
0111001000
1100001111
1001100010
1000010010
1111000101
1100000011
1001011100

1
0

1
0

7
1010101
1011010
1100100
0011011
0101110
0001001
0001110

1
0

1
1

7
0111110
1101000
1101110
0011010
0000110
0100011
0010110

7
1011110
1101011
1101001
1001001
0001000
0111001
1111100

5
00101
10101
11000
00010
11011

9
001100100
111100010
100110000
000110100
010101011
111000011
100010110
011101110
011100010

5
10011
01111
00110
11111
00111

3
101
110
011

6
001100
001111
001101
111101
101010
011000

8
00000000
01110011
00101100
10101010
10000010
10101010
10111000
10011110

4
1100
1110
1000
1101

9
111110011
100000000
100000011
000101100
111010011
010000001
111101011
110000101
001101100

10
0000000010
1001010000
0111111011
0001011110
1010011111
1000101010
0011011010
0000011100
0011101010
0110100100

9
011010011
001000110
101101011
101111011
011110100
101100111
100111101
011101000
001110000

4
1101
0000
0010
0100

3
001
001
000

6
100010
010110
010101
000100
111111
001011

1
1

9
110110101
010110111
000110111
100100011
010010101
111100100
001111100
100000101
010110100

7
1011011
0001100
1010101
0101010
0110001
1011111
1111110

8
01000001
11000101
01101001
01001000
01100000
01010111
10110111
11000100

2
00
00

2
00
11

10
0111000000
1001111011
1010110100
1001110111
0000010110
1110110000
1010110011
1001101100
0100000001
1110000000

9
111101010
011111000
100101101
110101011
000110010
100010001
101111000
100101011
010101010

2
10
01

10
1000001001
0000110100
0000111100
0111011100
0010110100
0001101011
0011111001
1101000100
1010110000
1011001111

10
0000110110
0100110001
1101100111
1011100110
0110100000
1010100101
0110101011
0001110110
1000101101
1110111001

2
01
00

10
1100111001
1000000100
1101100110
0001100011
0011100001
0100001100
0110010011
0100001110
1011100011
0110110100

2
00
01

6
111000
011110
110001
010011
100010
000101

5
11110
01001
00001
00000
01111

4
1101
0001
0001
0111

1
1

4
0100
1011
1110
1000

8
01111101
10101001
10111010
10101000
11100100
10101110
11111110
00101011

6
010101
001110
101101
011010
000011
000000

2
11
10

4
1100
1010
1100
1000

7
1000111
1001001
1110011
1011101
0000100
1111010
0110000

3
110
010
011

1
0

1
0

4
1101
1110
1000
1010

3
100
101
000

8
00000100
10011111
01000010
11100111
10010010
01010111
11101000
10010000

9
111011000
111011001
001001111
101111111
000101011
111110110
111111010
010010101
110011010

5
00111
10100
01000
01100
00001

2
00
11

10
1001101100
0010010010
0100111111
1110111100
0110010101
1110010111
1011001100
1101000110
1000111011
1000000000

5
01101
10100
11010
01000
00100

1
0

1
1

7
1011100
1110011
0001100
0100100
1001111
1001001
1011100

5
10101
11001
01100
11111
01010

5
00000
00001
11100
10100
01011

3
111
101
010

3
001
101
000

1
0

10
1010111100
0100100111
0100110101
0011000001
1100101100
0110000101
1000101101
1001101110
1110010001
0011111110

8
01010010
00001000
01111001
10111110
01110111
00110110
01101111
00010010

1
1

2
01
10

1
0

1
1

4
0110
1110
1100
0100

10
1001110100
0000111100
0110111011
1111010110
1111000010
0011100000
1100011100
1001001010
1100101101
1011010101

5
01100
01100
01111
01011
11100

8
10100101
10001111
01101010
01000001
01110011
00101100
00101010
00000111

4
0101
1100
1000
0111

10
0001010100
1100101100
0010100111
0010000010
0011111010
1111011100
1000011100
1001000001
1001010110
0000000011

10
1100101011
0010101100
0101011011
1001110101
1010100000
1101110111
0100101000
0110101010
1101110101
1100011100

9
011000011
010100001
110000011
110111010
110011011
101111011
000001110
101001101
101001111

5
11110
10100
10101
01011
01001

7
0010000
0010010
1100011
0001011
0100101
1111111
0010110

5
11010
11100
00001
00000
00110

8
00001011
01011100
10000001
11010110
00111110
10110010
01000101
10100011

2
01
10

7
1100110
1110101
0101111
1001101
1000000
1000110
0101010

8
11001000
00100101
00111110
10001000
11101110
01000101
11101101
11010010

7
0101110
0111000
1101111
1011000
0010000
0001101
0001101

2
11
10

6
110111
100011
101001
111011
111010
010111

10
0010110011
1010010111
1011011011
1101001010
1001001111
0011000011
1000110010
1100101110
1111110001
1010110011

2
10
01

5
11111
00011
10101
00000
10000

8
01000110
00111100
01001010
00110101
11101101
01101111
00010010
11110100

6
011101
110101
000101
010100
001011
101110

1
0

8
11110010
00000100
11101100
00000111
00110100
00111001
10110101
01000111

6
010110
110101
100010
001111
111100
110100

6
101011
111010
100111
101111
010101
110101

4
1000
1000
0100
0111

1
0

1
0

3
111
111
110

6
011100
011010
000100
000011
101011
000000

3
000
101
010

4
1111
0101
1110
1010

7
1011100
1010111
0100000
1001110
0001001
1011000
0100001

8
10011001
11011101
01100110
11011111
00010011
10010010
01001100
00110111

3
010
111
111

5
11010
01011
01111
11000
11001

9
000110111
111011110
101000010
010001001
001000011
100001001
000000010
111100110
001010011

5
11001
11010
11101
10101
10111

4
1101
0101
1010
1001

9
001110001
011010100
001111110
001101000
100011100
101000001
010111111
010001000
111000001

8
01101101
10000010
01011010
01010101
11000000
10100011
10101010
10110001

7
0111011
0110110
0101000
1110100
1111101
1000111
1110010

8
00010101
10111101
11001101
00010111
11000110
01101111
00010010
00010111

4
1011
0000
0001
0001

6
010001
001000
000011
110000
000100
000110

3
011
010
110

2
01
10

4
0011
1100
0101
1011

8
10001011
00010101
11100100
01010101
00100000
11010110
00001110
01000010

9
010000111
101110110
000101010
010110010
011111010
010001000
001111001
101010100
000011001

9
110111110
000110010
000111001
110110110
011001110
001011110
101010010
110101100
111101011

10
1010110111
1110101000
1101001001
1100100010
0111111011
0110100010
1001101101
0100100110
0001100100
1111101001

9
001011101
101110011
101001011
100111110
011100100
010010000
110010011
111111000
111001100

9
100101001
001001011
011111010
100111000
010011100
001111100
111000100
110000100
010101111

3
100
110
010

5
11000
00110
11010
10011
10111

8
01101111
00010111
10011110
11111011
01011101
01100101
00101111
00010100

10
1111111100
1111000001
1001101000
1011001110
1110000110
1001001100
1110001111
1101110000
1111010110
0101010010

6
101000
000010
010010
000111
110101
100000

1
1

5
01000
01111
00000
10100
11011

1
1

8
00101011
11010000
10000101
00011000
00101010
00100101
10101100
01101000

4
1110
1011
1101
1001

10
0111101000
1001000100
1110011111
1000000100
1100111010
1100101001
1101011111
0011111101
1010111101
0000101011

9
001011001
101110000
011011110
101010111
100110110
110101001
101000101
010111011
010100110

2
00
10

3
110
100
001

4
0111
1110
1100
0110

5
01111
00001
00000
11000
01010

3
111
100
111

10
0001010110
0010000010
0011000110
1000011111
1001001001
1100110011
1001110010
0011111010
0010101000
1001101000

8
00111000
01111011
00100011
10111011
11011001
01001110
00001011
01101010

7
1010010
1011011
0100011
1000101
0011010
0010111
1010101

6
001001
011110
010100
110100
101000
000101

4
0011
0111
1100
1110

2
00
01

10
1011101100
1011100101
0110011101
0110001101
1001101100
1110110000
0101100001
0100010100
0100000101
0101101001

10
0101011011
1100010111
0011010011
0100111100
0000001000
1110111001
0110010100
1011111001
1101011011
1001000101

4
1001
0100
0011
0000

2
01
00

4
1010
1001
1011
0000

10
0111101111
0000111000
1011111110
1001101011
1111011100
0000110010
0010010011
0111110100
1111011100
1010111010

7
1101001
1110011
1011011
0111010
0001110
1100011
1010111

8
01111001
11000011
11000101
10111001
01010011
01010100
11101101
11010001

7
0010110
0110000
0010000
1010001
0101011
1110011
0000001

5
10000
10100
00001
00110
11011

3
111
001
110

9
001001110
000011111
100111100
101010110
001101010
111101111
100010100
101100101
100101111

6
101111
001110
100110
001011
000101
001011

1
1

9
001001010
000110101
100110001
100110110
001011011
100010110
100011001
101110111
000010100

7
0001100
1011001
1010010
0111000
0111010
1111100
0100101

6
010110
000111
110110
110101
111110
111000

5
10100
00001
11001
00101
01000

2
00
10

5
00000
01011
00101
11110
01011

9
110101100
011001000
011011111
010110111
110001111
100101101
001100000
000101010
010011000

3
111
100
011

4
1011
0101
1010
1010

8
00011101
10100011
01001001
10100001
11111011
10100011
10101010
11001010

1
0

4
0001
1011
1011
0010

1
0

8
01010111
01011110
11010100
10110101
00110111
11111111
01110001
10011110

10
0110000100
1011010111
0011110110
0011010010
0000000000
1101100010
0001001010
1110010011
0110000110
1110100111

10
1010010011
0111110100
1000101100
1011100001
1010000000
0110111001
0110110101
1000000100
1101001100
1001101010

1
1

10
0000000011
1010111110
1010001110
0101100110
1101100001
0011000000
0101110000
0001011101
1011100111
1010001001

10
1110010011
0101001000
1111111111
0100101101
0001100110
0000010100
0010011111
0000101011
0101101110
0010001000

1
0

1
1

4
1000
1110
1111
0001

7
1011010
0001010
1110011
1101110
0000101
0111101
0101011

9
010110001
000110001
000000010
000000110
000010100
010000101
110001011
000111010
000111101

4
0100
1011
1101
0111

3
100
111
101

8
01100111
11011010
00111101
10110001
01000010
11000001
10111011
00100100

4
1010
1001
1010
0110

10
0001101110
0100000010
0110111110
0110100101
1010001000
0001110010
1001001000
0010110111
1011010110
1110110101

3
111
110
011

10
1101100110
0011111110
1110111111
0110010010
0110001001
1100000101
0011111001
1101100101
0010000111
1011001011

7
1010111
1011110
1100101
0011111
0101111
0001110
1110011

10
1100001000
1010100010
0001101111
1111111011
1011110111
0010000110
1101011010
0001011111
0110101111
1011001001

10
0101000100
1101001010
1010100110
0010000110
1110001101
1010111011
0100010000
1011100100
0010000000
1111111001

4
0110
0101
0001
0100

9
101101010
011100011
101101001
010100110
111110000
111110001
110100100
110010101
101000011

2
01
10

8
10100100
01001101
11111100
00011111
00011001
00011011
11001100
10110101

9
111001001
110101110
011000000
011000100
011010000
110110001
101110110
111100111
011001110

6
101110
100110
000100
010001
100100
110110

4
1010
0010
0010
0010

10
1000011110
0011101111
0100101101
0011110111
0100111010
0011001110
0001010100
0111110101
0101110000
1110101110

5
00001
00101
00100
00100
11010

3
000
110
011

2
00
10

2
01
11

1
0

4
1100
1000
1000
1001

10
1100100000
1000011001
0011111101
1100101011
0010111110
1110111001
0101100010
0101100010
1010011101
1001001011

4
0011
1000
0101
1111

2
01
00

2
01
01

10
1110011000
0100011111
1010101000
0101011000
0000110100
1010011110
1001101001
0001000111
1110101001
0000001101

4
0001
1000
1101
1010

5
00110
11111
00110
01100
01001

8
01011010
00100101
00100100
01011011
00001111
10110100
10110000
10000110

6
001011
111010
100011
110111
110100
010001

9
001001001
100011001
011010001
011011101
110000001
111110101
001111010
110001101
011010111

10
0011010001
1101001110
1011001110
1110010010
1001101010
1111101010
0111001111
0000111011
1111010101
1010110000

10
0100010010
0011011001
1011001001
1100011000
0101100010
1100010000
1000100110
1101000110
0101000010
0110100101

4
0110
1110
1111
0010

1
1

4
1110
0000
0110
1101

1
1

2
11
00

10
0000010101
0011100000
1001101011
0110011111
0111101110
1100000100
0100011010
1011011111
0111001110
1111010101

8
01011001
11100100
10000011
10101010
10011000
00000100
01110011
10100000

1
0

10
0001110101
1110011001
1010001111
1101001110
1111110110
1010111011
1110111100
0001001000
1010110100
0111101110

5
00111
01110
10001
01010
10011

2
10
01

4
0001
1010
1011
0000

5
11111
10011
11110
00101
11000

10
1010001111
0001111101
1011111000
1000100000
1100011011
1011000000
1110000100
1111111101
1111001110
0001111010

10
1100100000
0010011110
1000010000
0110111000
1010011110
1111010111
0010000100
0111010100
0110101011
0101001000

9
111111000
110000010
100011010
100100001
111010011
001111000
101010000
111101011
111101010

2
01
01

1
0

7
1001010
1011110
0101100
1000001
1100110
1001000
0100111

4
1111
1100
0111
0011

2
00
01

7
1100000
1010001
1110001
0101101
0101101
0111001
0100100

6
000111
011111
000110
010111
110000
111000

6
101000
000110
110000
110010
010100
110001

6
000110
101010
110001
100010
010001
100011

3
001
010
110

10
1011101101
1010000110
0101101011
0000100110
1110111111
0010001010
0110100100
1101101111
1011011001
0111001111

3
100
000
110

9
110101100
101101101
001110101
000000100
111001010
101100001
010011000
010111000
111011111

1
1

6
011100
110000
100100
010110
010101
110010

1
0

10
0000101001
1111001010
1111000101
0011000001
0011000001
1010101001
1010111110
1011001111
1000101111
1011010010

6
111101
001001
011011
110101
100010
001101

10
1000100001
0111100111
1000101001
1001110011
1110100101
0101101000
1010000100
0010000011
0000011000
0110010011

5
00100
01001
11100
10110
11001

9
011111101
100110101
111011001
100100111
010001100
101010011
010010001
011100000
010100000

2
11
01

4
1110
1100
1101
1001

6
100100
000010
101101
101111
000100
111001

9
100011101
011010011
101111110
101010000
010100101
110101001
110111000
100111010
000110101

10
0100111101
1100001011
0100011101
1000111000
1001010011
0001001000
1100011011
1011011101
1111001101
0000001011

7
0110010
0000100
1100100
1101001
1100101
0010101
0000111

1
1

8
00100001
00000000
10011111
00110010
00001101
00110100
10010100
11100010

2
10
00

8
10100011
01110100
01010011
00000010
10001111
00011001
01111001
00110111

1
0

10
1010111111
0000001110
1001010001
0101010000
0110010111
1001101111
1000001010
1000111111
1011100000
1000011101

5
01011
01001
01010
01001
10010

5
10000
11110
01101
01110
10100

10
1101101111
1010000110
1000100001
1111010100
0101110010
0111100110
0010000100
0010111101
1011011111
1110110010

5
01111
01010
00001
00001
11110

2
00
00

2
01
01

7
0101000
1001000
0000001
0001011
0110001
0010010
0110010

2
01
10

1
1

2
00
00

7
1110100
1000101
1001100
1110101
1000111
0001001
0100010

9
110010011
010100100
110101111
101101000
010111010
001111110
100010111
111011100
101110110

5
10101
01100
11010
00100
11110

2
00
00

8
11100011
01111101
11110000
01010111
10111000
11000111
00000101
10000010

6
110011
100100
100010
000000
011011
011100

10
1110100100
0111011000
0000110111
0011110011
0000001001
0000010100
0011011101
0111100110
1011101111
1011111010

1
1

6
111100
010010
110010
101101
111000
101001

9
000011001
110000001
011101001
000011011
100110101
011001000
100111110
001111100
110100100

3
001
101
111

7
0100111
0111100
0110000
1001011
1100111
1001000
1111010

8
10000100
01000110
00011010
00101100
00011110
01000111
01000111
10001010

1
0

6
000000
011100
100100
010111
001100
110101

4
1001
0011
1110
0000

8
00001110
00101111
01000000
10001001
00111100
10111001
11011011
11010011

7
1110001
1010011
0110001
1111111
0010100
1001100
0000101

7
0111111
1000000
1100000
0110100
0010110
0010110
1100000

7
1001001
1100010
1011001
1111011
1100101
0100001
0001001

1
1

2
10
10

8
00001101
00101010
00011100
00111010
00110000
01010001
01010111
01111100

9
100111010
101110010
001000100
100011100
101011100
000110010
110100100
100011110
110011000

7
0101010
1010001
1111000
0110111
1101000
0101010
1111000

7
1001011
1000011
1100101
0011111
1111101
0011011
1010011

6
101010
110101
100000
001111
010000
010111

3
101
000
100

10
0010110100
0111010110
1100011001
0100000101
1011110000
1010111110
0100100111
1001011111
0010011100
0111011110

8
11011100
11010100
11101000
10101000
10010101
11100101
00000001
01010010

3
010
010
110

3
111
110
010

7
0111011
1000110
0100111
1001100
0010000
1111100
0000110

8
01011000
11001110
00100110
11100111
00011110
10110001
01100101
01010000

3
011
010
010

6
100111
110101
011010
101110
001100
111100

2
00
01

9
110001001
110000100
000100110
001001111
101011001
000100110
110001010
110111111
010001010

1
1

6
100100
111111
000101
001111
111100
110010

10
0011101101
0011011011
0110010010
0000110010
0100110110
1000011010
1111110000
0010101100
1100010100
0101111101

7
0100010
0110100
0100011
1001111
0011010
1000100
0001000

7
0011010
0000101
1111000
0111010
0101000
1001010
0110011

6
100110
010111
001101
101110
010011
101010

10
0100010100
0010000000
0101011100
0011101010
1011100001
0011001111
1001100010
0100000010
0110000001
0111100000

3
101
000
000

3
111
110
100

9
101110110
101001011
001100100
110101100
100010001
101001001
101000011
110000111
001101111

1
1

1
0

4
1110
1001
1110
0101

10
1001010011
0000001000
1010111101
1110001101
0011011011
1011110011
1101101011
1101111110
0101110110
1001000111

5
00010
11001
11000
01001
11110

4
0111
1000
0000
1111

5
01111
01001
01011
10110
11011

1
1

2
01
10

7
0001000
1010010
0011111
0110101
0100001
1111011
1101001

1
0

10
1010010000
0001001011
1110111011
1111110010
1000010101
0000001110
0010000010
1110110111
0111111101
0100111001

1
1

4
0001
0100
0110
1110

1
0

2
11
00

9
001111100
101010011
110110101
001100100
110000011
010100111
101011101
101111010
100110111

9
101111000
010101101
110000001
001101110
110111010
101011100
111011100
001000000
001111001

4
0011
1110
0101
1110

9
101011011
001001001
101001110
111101110
110111000
101100000
010101010
000111011
101101101

2
10
10

1
0

4
0101
1101
1011
1101

9
111001001
101101100
100111001
110100011
110000110
100100010
110111001
000001111
111010100

10
0000110111
0010001101
0010111110
0000011011
1100101100
1011101000
0011101000
1101011110
1001110111
1000111011

8
01000010
10101010
10010001
00111111
00000111
11010011
11110000
10100010

10
1000001100
1000000111
1101111101
1101000100
0110111111
1101100011
0100011001
1111001001
1001011110
1111001011

6
110010
011011
110101
001011
100101
001010

2
10
00

8
00101110
11100101
10100111
01000011
10100001
01001110
00101010
00010100

1
0

2
01
11

6
101110
101111
011111
101101
000111
010010

5
10000
01000
11010
10110
10001

7
0011111
0110001
1110100
0101000
0010100
1101001
0111111

4
0000
0011
0011
0101

10
1111000011
0110100001
1001010000
0010001010
0011010110
0101000100
1101110111
0011010101
1010010110
1110110010

4
1001
0000
0000
1001

7
0010111
1010110
0010001
1111111
1001100
0000010
0010000

3
101
100
001

10
1001100011
1110000000
0110000001
1111101000
1101111011
0110101100
1011111010
1001110110
1000010101
0001100110

2
00
11

4
1100
1010
1100
1010

9
001000001
000111101
101100101
111010110
111110011
100101001
010100100
010111000
001011000

4
1101
1000
1110
0010

10
0001011111
1011011000
1011001001
1011100111
1010101010
1010110101
1101011111
0010100111
1000101011
1010110101

5
11011
00000
11010
10001
00111

8
01010001
10111100
00000110
01001111
10011000
11101111
10010000
11000100

5
00000
10000
00010
01110
01111

3
010
010
011

1
0

1
0

7
1101001
0011001
0011000
1100110
1111101
1101100
0101001

7
0111110
0000101
1010111
1011011
1000001
1101010
1001111

4
1100
1101
0010
1101

5
10100
01101
01101
00011
01000

4
1010
0111
0011
0111

3
100
010
111

9
110110100
110011110
111010011
111110010
101101001
111110111
111011010
011010011
101101101

4
1100
1111
0101
0000

1
1

2
01
10

8
01000010
11010001
11010001
10111010
10010011
00010001
10001111
10111110

6
000100
101110
100011
100111
000000
110111

7
0110011
1011111
1010010
0011111
0101110
1010010
1101101

9
001011100
101110001
010111100
111101001
110110011
100000000
001011010
110011100
000110011

8
00100000
01011010
01100001
00010010
01100010
00101001
01010110
11110010

7
1001110
0100101
0101010
0011010
0101100
1110110
0101001

4
1100
0101
0011
1011

6
111001
101110
000110
100110
100110
000101

2
10
00

9
100111010
010001100
010110011
011011010
101100101
001011110
100001010
100101101
010000101

5
10111
11110
01011
00010
01000

7
1000000
0100001
1101000
0110111
1110001
1011100
0111011

4
1010
0001
1111
0111

1
0

5
00111
10110
00101
01000
10010

7
0000101
0101011
1000100
1100100
1010110
0011010
0010011

6
010011
100000
010000
110000
000001
111011

3
110
101
010

2
00
10

2
01
11

4
0111
1101
0111
0010

4
1101
1001
1010
1110

8
00011111
11110100
00001010
11111010
00101010
10101010
11100101
11110110

4
1111
1000
0110
1110

1
1

7
1111001
0000011
0001111
1000110
1010110
0110100
0110110

4
1011
1110
1101
0011

4
1001
0111
0011
1000

3
111
010
100

4
0111
0101
1111
0101

5
10011
10101
10111
00110
00010

10
1000001000
1111011000
1111110000
0101100101
0100111011
1100100111
1000010001
0001101111
0111001010
0101011101

5
01100
11110
10100
00111
01101

5
11100
01011
11100
11010
00001

10
0101010111
0111010101
0110110011
0110110000
1111101011
0100110010
0101000100
1011100100
0101100100
0100001011

4
0011
0011
0101
1101

10
0111100011
0101001010
1110010010
1010010110
1010000011
0011110000
0110111001
1011101110
0011100110
0111001111

7
0010001
0101111
0111111
0110100
0010101
1010000
0101010

3
001
001
001

9
010001011
010011011
010100111
110110001
010010110
011100000
110011100
100011010
010011110

4
1100
1001
0001
0101

4
0010
1000
0110
1010

3
010
010
101

4
0011
0100
1100
0110

3
010
000
101

2
10
11

1
0

5
01000
11111
01101
11101
01010

1
0

9
000100010
101000010
100110100
101011001
101100001
000101011
111101000
000001000
011001100

1
1

3
100
110
110

7
1111001
0101100
0110010
1010111
0000010
0111110
0011100

4
0110
0110
0001
1110

8
10100000
01011010
01111111
10011001
10110001
01100011
01110100
01111010

7
0100010
0000011
1001000
1110110
0001111
0000100
0110111

6
101000
010000
011101
110011
101101
100111

10
0001010010
1011110101
1001011010
0011100010
1111111000
0100001100
1101111111
1001110100
1100101011
1010010011

4
0111
0101
0111
1010

8
10100010
11011010
10010110
10111110
01000110
11110010
11010110
10000110

7
0011100
1011011
1101100
1100001
1110101
0111010
0100010

1
0

6
010011
101000
010011
011011
111011
111010

1
1

3
000
101
010

8
10001011
01110111
10010110
11000111
00110111
00011101
10111110
00010000

6
000111
100101
010100
111111
110111
110010

2
00
00

10
0101000110
0110011001
1001101110
1100111111
0000110000
0100001111
1011010011
0000000010
0011001011
0111011111

5
00011
01111
10011
10010
10000

3
010
101
010

10
1000010001
1010001101
1110111101
1000000011
0001100111
1001000111
1111000010
1010011101
1011101000
0000101001

2
10
00

2
11
11

9
001111011
011110010
001010000
111111100
010101101
000101000
011001010
111010011
000010010

7
0101100
1111100
1100101
0101110
1111101
0110001
0000101

7
0001111
0011000
0000000
1011010
0111110
1110110
1111110

1
1

9
011010000
001001001
001010111
111111101
001000000
010001000
110101100
101100010
010100101

2
00
11

10
0010101000
0100010110
0101110111
1111111011
1011000101
1100101111
0001100100
1010001111
1000001101
1111100110

6
011011
011010
001110
011111
110110
110000

10
1001111001
0011100000
0111001010
0010001011
1001001100
1010000001
0110010111
0110110010
1010011011
1011001101

1
1

2
00
11

1
0

2
10
00

8
01001001
01101001
00001110
00101111
10001001
00101000
10100100
00110001

8
10001000
01001001
11010110
00001010
01011010
10010111
10001101
00100010

2
01
10

3
111
010
111

7
1000111
0100110
1111011
0100011
0000010
1100000
0011000

3
111
101
110

4
1011
1001
0110
0010

5
01111
11001
11101
00011
00111

6
010011
101000
010111
101111
000011
011011

6
000001
011101
000110
110110
001110
110011

10
0100001101
0010100101
0010111110
0100110111
1101011011
1111110010
0100010011
1001101110
0101100110
0100111000

6
010010
100110
101001
010000
001110
111110

2
10
10

1
0

1
0

5
10111
00001
11110
01001
00001

6
110101
101111
111111
011100
110011
000001

7
0011011
1011101
1110010
0000100
1100001
1100011
0010100

4
1011
1001
0101
0110

9
101111111
000001110
001100101
111100101
100001010
000101100
010000010
001000001
101001111

7
0111000
1010110
0101000
0110100
1010111
1101011
0111001

9
100001000
110010111
011100100
011011011
001101011
010001100
001110111
010000110
110111011

5
01001
10000
10100
00001
00111

8
00111010
11001110
11011000
01010001
10011111
10100101
01110110
11010000

1
1

10
1001100111
1000011000
1101101111
1010111000
0000101001
1001001101
1000001111
1101101111
0110100101
0101111001

10
1100100001
0011001101
0100011011
1010010001
0111010011
0101011000
0000100110
1010101110
1100001111
0001110101

10
1110111000
1101000011
0001100101
1001111001
1011011111
1000011011
1001100000
1110000110
0110010101
1100101100

1
1

3
011
011
100

10
1000010111
1100000100
1001111110
1101010111
1110110100
1110000001
1011001111
1001100110
0010010010
0000010011

8
10101011
10000011
00011000
11000011
01011101
01110010
00111011
01000110

2
01
11

10
1010111101
1101010100
0110100101
1011000011
0111011001
1001101111
0010111110
0010111001
0010011110
1111100010

6
010101
000110
101000
010010
100000
110111

9
101011101
111001010
100110000
011001000
110000101
011100101
010001110
101111001
011011010

6
010100
011101
000011
011100
111111
010010

5
01000
10111
00111
11100
11010

10
1111100100
1110111100
0000110110
1011101100
0010001110
0000110101
1010001101
1101111100
0001100111
0110001101

9
100001011
100010101
010111110
010011000
111010000
011001110
110101111
011011111
111110000

1
0

2
00
11

9
011101001
111000101
110111101
001111010
100110010
110001110
100110011
001001110
111101001

9
101010111
000101101
001100101
010011011
110001100
010011111
000001110
010011111
100011011

9
100100110
101101000
001011011
010001011
111100011
100011100
000111010
111101010
000100110

5
11101
00101
10100
00011
01110

2
10
11

2
01
01

1
1

3
111
110
001

1
0

6
000000
101100
110110
000100
110110
100110

7
1001111
0000101
1111110
0101000
1001001
0010100
1101001

3
100
001
110

9
111010100
011011110
100011110
111111101
110111100
110101011
111110111
110010001
010000010

9
101101110
010100110
000101011
011011010
101111101
001110100
110100101
100100100
010100100

2
01
10

8
10010001
11101000
01011100
11001010
11100100
01011000
00110100
10110010

5
10100
00010
01101
00010
10001

2
11
11

7
0110001
0100110
1100011
0111101
0101010
0101001
1000001

10
0100001011
1110001101
0010110011
1100111111
1000101111
0010111001
0101101010
0110000101
0010111111
1010100110

7
0011101
0110100
1100110
0011111
1111010
1010100
0111111

5
01100
00000
00000
10001
11101

1
1

4
1001
0111
0001
1111

2
11
11

5
01001
00001
00010
01111
01101

4
1001
0101
0010
0111

4
1111
0111
0110
0010

1
0

1
1

10
0001011001
1011111101
0011011111
1101001011
0010111100
1110111111
1101110011
1000110001
0000111000
1011110111

8
01010010
10010111
00111101
11000100
11100100
01011101
00100011
00111101

5
11100
00001
00011
00001
11001

7
0110110
0100000
0001010
1101001
0101101
0100110
1000011

1
1

4
0100
0111
1100
0001

5
00101
11001
00001
00111
10110

10
0110110011
0001010111
0000001010
1101110111
0011010001
0110001110
1110110000
1011100100
1111010111
1001110000

10
0001010000
0011010010
0010010101
1000101011
0111100101
0100001011
1111101110
1111001111
0001101001
0110011101

8
10100001
01111101
10000000
11001110
01110111
10110001
01010000
11100010

8
00000100
11001110
01011000
00111011
00001100
11000001
00000111
01001100

1
0

2
00
01

2
00
00

3
001
110
001

10
1000011011
0001110101
1010110001
1100110001
0100100001
1111000111
0001111101
1011110001
0011010101
1110001110

2
10
01

5
10111
01100
01011
00010
00111

9
000010011
110010000
011110001
000011100
001010100
000111010
100101100
010110010
001011001

10
1110011010
1110100101
1111001111
1001001100
0100110001
1001111100
0110101011
1110000011
0011110110
0110010110

8
10110000
00011111
10111110
00011100
11100000
01100101
00101000
01110011

4
0010
0111
1011
1000

3
001
010
001

7
1110010
1001000
0101111
0100100
0001100
0001111
0101001

3
001
000
001

9
000001000
100111101
111010101
101111001
100010000
001001101
101110100
000111010
111101011

1
1

10
1001111000
0110010111
0010101100
0111100110
0100000010
0001111010
0000001011
1110001000
1000000001
0100010011

7
1100001
1100110
0000101
1010101
1001001
0111011
0110001

6
111010
101110
001110
111111
011011
010011

7
1110010
0010101
0111001
0101100
0101010
1110111
1010101

5
01001
00001
01100
00001
00011

5
01011
10111
01100
10101
10100

7
0111001
0011110
0011101
0101101
1111110
0110101
0110100

5
11011
01011
00100
10101
11110

1
0

5
11100
11011
10101
11100
00001

3
100
010
101

6
110000
000000
110110
000011
101110
110100

6
001111
011101
000010
011110
111001
100111

7
1001001
1000111
1000011
1000010
0000111
0110000
1111110

2
10
11

2
10
00

5
00000
00010
01110
11101
00010

1
0

5
10000
01100
01111
01000
01011

3
000
100
100

4
0011
0111
1100
0111

9
101010101
111010111
110011000
011110010
101100001
101001100
110100010
101101000
111001111

9
100010000
000110000
001001101
110101000
001010110
101000110
000111111
100010001
111101100

3
011
111
001

6
110011
011100
111000
010000
100011
000111

5
00010
00010
01101
11011
01010

5
00011
11111
00001
01101
01010

10
0100011111
0011011010
1011111101
0010111100
1000000101
1101010011
1011011011
0000110001
1010010100
1111011111

7
0010111
1111110
1100010
0001010
1000110
0101011
0001101

8
01000010
10001111
00010100
01011111
00000110
10100011
01010111
11101011

2
10
11

6
111011
100101
001000
001100
011010
011010

7
1010011
1010111
0010111
1111001
1000001
1111010
1010001

4
1001
1100
0111
1101

7
1000101
0101010
0001110
0110010
0110011
1101110
0011110

2
11
10

5
01111
01110
11101
00101
11110

7
1011011
1110110
1110110
1001100
1010111
1000101
1001100

6
111110
000001
100111
101111
000101
111100

9
000100110
001010100
101110010
111010001
101100010
101110011
010010011
111110010
110111101

10
0010101011
0111011100
0100100100
1001100110
0100011111
1101000110
1011001101
1011110000
1100101100
1111000111

8
01111001
00011111
00100000
10101000
00110110
00000101
10001001
00001001

7
1100111
1101100
1000101
0010010
0001011
0101111
1000111

1
0

7
1000101
0100001
0110100
1000001
1111000
0110011
1101000

6
000011
100001
010110
000101
110100
000100

3
111
100
001

1
0

10
0101110100
1010100101
0101101110
1111000011
1100100101
1001110010
0010100111
0011001111
0101000100
1110111001

5
01111
00111
00111
10101
11010

4
1011
1001
1001
0101

4
0110
0111
0001
0101

2
11
10

4
1111
0100
1111
1001

9
010001110
010000111
001111111
010111100
111110001
000001111
000000000
111001011
000101011

7
0011111
1101000
0101001
1100110
0111011
0001000
0000111

7
1000111
0001101
1010111
1111101
0110001
0100101
1101101

10
1101000000
1101000000
0010101101
1111111000
1111100100
1101100111
1100100101
1001000000
0111101001
0100000000

8
11010111
00101001
01110111
01111011
01010001
11010110
01100100
01001010

7
0000101
1011110
1110100
0111010
1010101
0010110
1101000

8
11001010
00001010
11001001
11101110
10001101
00111111
10100011
10011101

6
111110
010011
111001
010011
011100
001010

2
01
00

9
101101100
001111010
001101011
101100111
110111010
101101011
101110011
101111100
110000110

5
10110
00000
01011
00010
01001

4
1110
1011
1111
1100

4
1110
0110
0010
0110

4
1001
1100
0100
1111

2
10
10

6
000111
111011
100011
100001
001100
001000

7
0011110
0010111
1001000
0010011
1110101
0101001
1101000

8
11101010
10001010
00011101
00101101
00111111
00001000
11101010
00110101

6
110111
110001
100100
100001
011100
000101

3
000
010
010

5
10010
11010
11000
10010
01100

1
1

1
0

1
1

7
0100010
0101000
1110100
1101110
1000101
1001100
0101010

3
110
110
100

4
1011
1001
0000
0000

5
01100
00111
01110
10100
10111

2
11
11

5
10000
00011
11010
01010
11100

7
1110111
1011000
0111101
0101010
0011100
1000101
0111001

