899
2
00
00

1
0

5
01110
11011
11101
01011
00001

3
010
010
000

7
0110000
1010001
0101111
0101100
1111011
1111011
0011001

2
01
00

6
011111
100100
100001
101001
111001
010110

5
11000
01111
10111
00111
11000

10
0010010000
1010001011
0100000010
0110010101
1100001111
0001111000
0101000100
1011110001
1100011001
0010010100

10
1011001011
0110011011
0001000001
1011111101
0101011011
0010101000
1101110010
0001010011
0010101101
1100111010

7
1010001
1011000
0100100
1011100
1001111
1001010
0000111

7
0011011
0010101
0010101
0000001
1000010
0011010
0011101

9
100000001
011011101
100000011
010111011
101100001
010011000
000100111
110000110
001000000

2
00
00

5
01001
10011
00011
01101
01111

6
000100
110110
001100
101010
011000
010110

8
10001111
10000011
10011101
11111011
10110010
01001010
11011101
00010011

8
01111110
11101101
01110010
01110000
11110110
00111000
01001001
01110010

6
010010
110000
010011
011011
101100
111110

8
00010010
00100101
00100010
10110100
01111000
11110011
11100011
11011011

5
00001
01011
10000
11110
00110

4
0101
0110
0001
1011

5
00100
01011
10111
01101
01110

4
0010
1010
1110
0101

5
00010
10100
10001
11011
01000

3
100
110
000

2
10
01

10
1000010110
0110101011
0100000101
1011101110
0111100011
1111100000
1100100000
1010000100
0010110000
1100000100

3
110
101
011

4
1001
0000
1011
0101

2
01
11

5
00110
10100
01010
01110
01011

3
111
110
010

7
1110111
1111000
1011000
1101001
1001111
1001100
1100010

2
00
00

6
100000
101111
101000
001011
110000
001011

6
001111
000011
100101
010000
011000
100001

8
11111010
01000011
01110010
01111101
00100101
11100000
00000001
11110101

10
1100011010
0101011011
1110011101
0011101010
1100110101
0011010110
1100010110
0001010100
1100001001
1100000100

7
0111100
1011100
1000011
1001001
0001111
1111000
0100100

2
10
10

5
00010
11110
11110
01010
01111

2
11
00

1
0

4
0000
0010
0000
0110

9
111101110
100011000
101000100
101100101
001001110
101100000
001001000
001111010
110001011

7
1111000
0100011
0111011
1101100
0111011
1100101
0101011

5
10110
10000
10100
11010
10100

3
110
101
101

5
00010
11010
10100
11100
10101

8
01110011
01001010
01010101
11101100
10101111
11110111
10110111
11011011

7
0001111
0001010
1000101
1001000
0101011
1000111
1101110

2
11
10

10
0100000011
1010001011
1101111011
0100011011
0001111100
1110101101
1110000101
0111001000
0110100110
0111110111

7
1100001
1000100
1110111
1110110
0001000
1111100
1010010

3
010
111
101

7
0011011
1011111
1010011
1000100
1100110
1001100
1010100

6
011110
101111
010100
111010
011000
110001

4
1000
0000
0010
0101

3
010
101
110

2
11
01

10
0110001000
0001110001
1111010001
1010001010
1011111001
1010010010
1101100100
0110010101
0000111111
0101011101

6
010110
001000
010010
101110
111111
001010

5
01101
10000
11010
01000
10000

8
10111101
01111010
11000010
10000101
01101010
01110011
01110110
10111001

7
1110010
0111010
0100101
0111011
0101011
1011100
0101011

5
01100
11101
10111
10011
10101

1
1

9
001001111
010111001
010100111
100011111
111110001
001011001
000010100
011010010
111000100

6
110100
101010
001011
110101
110111
001010

7
1011001
1011010
1101000
1110011
0001111
1100110
1101110

7
0001011
0110010
0101001
1101100
1100110
0011101
0000010

6
110010
100000
100111
110100
111000
000110

8
00100001
10100011
00101111
11100001
01110100
10110111
11000010
10100110

3
010
000
111

1
1

2
01
10

7
1000110
0010000
1001001
1001110
0010111
0100110
0111001

10
0111001111
1010100110
0001001110
1111111000
1000001100
1010110011
0010000010
1100101010
1101001110
1111111010

1
0

7
0011000
0110000
0111100
1000101
0111000
1111000
0110001

6
001110
011110
001000
100001
110111
000001

9
110011111
111001110
101000010
101000110
100101010
011001100
011111011
010000001
100010111

9
100001011
111011111
100101100
110011010
101101101
100101010
000100001
101011001
100110111

1
1

4
1000
0100
0101
1010

10
1100111000
0100100110
0010010000
1100111111
0000000011
1111111100
1111011001
1010100000
0101011000
0001100110

3
001
000
010

9
110010111
011110011
011111011
100101100
111001101
010010010
010011111
010111101
110101100

9
101011001
111000110
001101000
011111100
110110101
110010100
100000110
010010100
011111110

8
11000110
00110110
00100011
10000011
00100111
00011110
11010111
01111010

5
00000
10111
01011
10001
11111

8
10000000
01011100
00001010
00010111
10101100
10001001
00000111
01000100

6
101111
100110
010100
100101
000110
111110

6
111011
101001
010011
001110
100100
011111

3
110
001
101

4
1100
1001
0100
0100

10
0001011101
0100111101
0001001110
0100000011
0100010010
1001100010
0111011000
1100101111
0110100100
0110111111

6
001110
100001
110100
010000
000010
101001

10
1110101011
1101100011
0010100010
1110011001
0010100000
0001110101
1110110000
1110001101
0001001010
1001101101

10
0100000100
0011010100
1100101100
0001001111
1000101010
1011011001
0001001111
0101001010
0011110001
1100110111

6
101110
011000
000101
110011
110011
011100

9
001001111
110011101
100111000
011001001
110010111
001110111
110001100
010011010
000011010

9
001100100
111110011
110010001
101101101
111111100
010100111
000101100
010100011
001101010

6
111101
100110
111000
101100
101001
110101

2
01
11

2
11
00

9
011110100
110111010
101101010
100000000
110100100
000010001
100101010
001100010
010000100

9
110001100
101101110
000101001
011000111
010001011
001110011
011111111
010000001
000111000

10
0101011011
0100000010
1001110101
0100110000
1001010010
1111100110
1100100111
1100001111
1111000011
1110101001

1
0

3
100
011
111

9
010100100
001000001
111111110
000100011
111000011
111000000
001011110
111101001
110010110

5
01111
10001
10010
11100
10100

1
0

7
0101101
0011101
1110011
0010011
1111011
0110100
0010000

3
010
011
001

3
011
001
111

2
11
11

5
00001
10001
01011
10111
00001

3
110
001
011

6
011011
000010
101001
010101
001111
001100

3
101
000
100

4
1010
1100
0100
0010

4
0100
0001
0100
0001

5
00110
11100
01110
10001
10111

9
011111010
010001011
101100000
001101011
000111100
110110110
111110101
010010001
000000001

8
00110101
11110000
01001111
00010110
00111100
11000100
11010110
11101101

10
1100011100
1111101001
1000010101
0001101101
0001010011
0001111110
1111110011
1001101100
1010000111
0101111101

2
01
01

7
0001110
0010110
1000000
1100001
0100000
1010100
0011101

5
00101
01111
11011
10100
11000

8
10010110
00101000
01110000
00011011
01001101
10000101
11100111
11100110

6
110010
000011
111010
000100
111110
011110

4
0001
0010
1110
1110

1
1

1
0

2
11
10

10
1010111101
0001110010
0111110011
0111110111
1000001001
1100000001
1100000110
1100010000
1111101101
0110110000

6
110011
110010
011011
110100
011100
001110

1
0

2
11
01

7
0110101
0010100
0011101
0110010
0010010
0101010
0101001

3
011
011
101

5
00000
00110
10101
01101
10010

8
11100001
11010011
10011101
00001001
00011010
10111100
01101001
10010100

3
011
101
110

9
110000011
111111100
010010011
010100101
110111011
111010100
100000001
000000000
100110010

4
0110
0000
0101
0100

8
01111010
01101110
00101010
11001011
00101101
01110100
10010010
00000101

1
1

10
0101010101
1001101001
0100011010
0011101110
1001111110
1000000011
0010011110
1111111000
0110010110
0010000101

3
011
001
010

4
1010
0110
1010
0010

2
00
11

3
001
000
001

6
100010
110110
101111
101111
111111
101101

4
0111
1100
1010
0100

4
0110
1001
1000
0001

2
01
00

1
1

2
10
11

5
10000
11101
10110
00000
10111

7
0111101
0010100
1001101
1100000
0111111
1111000
1110010

3
000
011
101

6
110110
100011
001000
010011
110010
101001

7
1011010
0101101
1110010
0010111
0010011
1000001
0101100

10
1101000001
1010100000
1010111101
0011011101
0111010000
0101110001
0110000101
1111001010
0000010011
0101011100

10
0001011011
0100101101
1000001011
1110000011
0110000011
0111111001
1101000001
0110000100
0011011100
1111000011

9
000010110
011010010
011101000
110011110
001100111
010010111
010001100
001100111
010111011

5
11000
01101
10010
10111
00110

5
10110
11110
11100
00111
10000

8
10000011
11011111
01111110
01101010
10101111
11110000
11101010
01001111

7
1101111
1110011
1110000
0001101
1100101
0110010
0011100

2
11
01

2
01
01

9
111101001
111010001
111110011
000100001
100111010
010111101
000100100
010110110
000000101

8
10101001
11001010
01001110
00010011
00001100
10001101
11110010
00001001

7
1010110
0101111
0001101
0100010
1001010
1110010
0011111

3
011
110
000

6
110111
101100
100101
101010
000101
011010

2
10
10

6
000011
101110
001101
100000
101110
001000

5
11110
01010
00110
00011
00110

9
001011101
010010010
011000010
101111001
010000110
011111110
100111100
001010000
100100110

5
11010
00100
11110
11011
01000

8
10101001
01111000
10100010
01111000
01000100
10000010
10101001
00101100

2
11
11

2
11
10

5
11010
01100
00110
10101
10000

10
0011010011
0001100010
0000000011
0100101110
1110000110
0011001110
0111001100
0101010001
0011100001
0111111000

7
0100001
0001010
1011000
1011011
0001111
0010000
0101111

1
1

2
10
11

7
1111001
0000100
0001011
0100101
0100110
0011100
1001010

3
001
110
001

6
001101
000111
011100
010011
100000
110000

6
011111
010010
110101
101010
100010
100011

5
01010
11100
11100
01011
01111

5
11011
11011
10111
11001
00011

6
000110
101010
110000
111011
110011
100010

5
10001
10000
11001
11010
00101

1
1

3
001
101
001

7
0111001
1100111
1010001
0001101
1010000
0000101
0100010

9
111011110
111111101
011111101
110111010
111011101
001011101
001001100
110110001
011001011

2
11
00

4
1111
0100
0101
1111

5
10111
10010
10101
00001
00000

1
1

9
101010100
110101100
001111111
000011010
000000010
110010011
000111101
001010010
111000101

1
0

2
10
11

3
110
110
010

8
11110110
00011100
11000101
10111101
01000011
11110011
11101010
00111011

7
0010000
1111000
0101100
1001101
1100111
0000100
1111101

8
01000111
10001100
00100010
11010100
00111001
01010010
10111001
00010101

2
11
10

7
0011000
0001110
0110001
1110100
1010111
0011011
0110110

6
110010
011111
001010
000001
101000
110110

4
1011
1000
1111
0001

3
110
101
000

7
1011111
0111001
0011101
1011000
0100011
0010101
0100001

9
001110110
111101010
110101111
111000100
100101111
101100111
110100011
110000101
100100010

8
00100010
11000101
11101001
01001000
10111100
01111101
11011000
11000101

1
0

3
001
111
111

4
0111
1000
1011
1110

6
010010
000000
000001
101011
001011
011011

3
110
101
010

5
10001
01101
00011
01001
01000

3
000
010
100

1
1

7
0101001
0011101
1101110
1110010
0101110
1010010
0011000

4
1101
0000
1000
1101

8
00101100
01010111
11011010
01100101
11101100
11011111
10101000
10100111

7
1000000
1011101
1011000
0011101
1100110
1100010
0001110

3
110
101
101

7
1101000
0010011
1100001
0101001
0110100
0011100
0101001

10
1011001011
0010110110
1110010001
0111111101
0011100011
0101011010
1110011100
0100001100
1111101110
1000011111

10
1111111100
0010011110
0010010111
1110011010
1011111001
1100000111
1111000010
1001011111
0011010110
1011110111

9
111111001
111101010
001100101
100001011
111101000
100001000
110001011
010101110
111001101

7
1010011
1100000
1011100
0101010
0110111
0011100
1000101

8
01001110
00001011
10111000
11111101
00010010
11110001
10100001
01111010

9
001101110
101100110
110110001
010001101
111010100
001111101
111000111
110100110
001001101

3
011
100
100

5
10100
11000
11000
11111
01110

1
1

8
00100001
10100110
00100000
01110110
10000010
00011110
10001000
10000101

1
0

10
1110111110
1111100010
0011001101
0000100010
0010011101
0001010001
0100101000
1001111010
0110101100
1100110001

4
0010
1100
0000
0111

5
01011
11000
00101
01011
01110

10
0010101101
0011111101
0000000000
1001001000
1011110110
1011110100
0100010011
1101100001
0101111111
1100101100

4
0001
1110
0001
1011

10
0000010011
0101111010
1110011111
0000111000
0011101000
1001110011
1000000011
0101111100
0011100001
1000111111

5
00000
01010
11010
10111
01010

2
11
10

5
00111
00010
00100
00001
01000

10
0101000001
0101111100
0111111101
0011101000
0101001010
0001111110
0101101110
1001000000
1000111001
1110110000

8
01011001
01010000
11000110
11011100
00010110
00100000
11000101
10010110

10
1011000001
0010110101
0011100111
1011011001
0111100000
0011000100
1000011001
1001100101
0011000100
0001011011

3
011
101
101

4
1101
1000
1000
1010

2
01
11

9
111010101
110111001
100100111
010110001
100000101
111000011
000111101
000110100
000000100

10
1111101000
0010110101
1001011111
1001110100
1000100010
1010010001
0000111001
0000100011
1101001101
0000000100

2
01
10

3
100
001
000

9
010101000
100010111
011110001
011101011
100101111
101110110
001110100
011111110
110000010

5
10101
01110
11011
11100
01101

9
001001100
101000000
110100101
010110010
011011101
000110001
100100010
010001010
110100110

4
1110
0010
0000
1011

10
0011110110
0110100001
1110011000
1001111001
0110000011
0001001111
1011101000
1001001110
1100101100
1110100100

4
0100
0010
0110
0000

9
111001010
111101011
110100100
000111111
001010001
011000100
011000110
110001110
011001010

1
1

8
11001100
11100001
11101000
11110001
00010101
10011111
00110010
01101101

8
01010010
10000110
00111101
01110000
00100100
11011010
01101100
10000111

8
11101011
00011100
11001010
00100110
00011100
01010001
10111001
01001010

10
0110001110
0101011111
0000001100
1100110010
0100110010
1011100010
1110000110
1000011110
1110110000
1100110100

2
00
11

6
010010
101100
000111
010100
011010
001111

2
00
10

5
01000
10101
10011
11110
10101

3
101
000
110

6
010111
101001
001010
011111
001111
000001

3
100
101
001

2
11
11

5
11100
00111
10011
00101
01111

7
1101011
0110011
1011001
1011010
0000110
1100110
0101000

2
11
00

9
101110111
001111010
100101110
110110100
110000101
101000001
010000001
101010110
011100101

7
1010010
0010110
0100101
0001001
0011000
0001110
1011100

10
0000010010
0100100011
0101111100
1100001111
0011100010
1111100010
0100101101
1101010111
1111000101
1000101110

4
0001
1111
0110
0000

9
010000111
110001001
001010001
101011111
101000110
110000011
100101110
101101110
000000010

7
0000101
1010011
1101100
1101110
1011111
0100101
1111110

3
111
100
001

1
0

1
1

9
011001111
011010111
100001110
011010111
000101010
110101000
100001100
101101001
111011101

2
11
11

9
101111111
111100001
111000100
100100110
101001001
101100010
010111001
001000100
101101111

5
01001
01100
10101
10000
10011

4
0101
0101
1111
0010

1
0

4
1110
1011
1001
0101

1
0

7
0000010
0111101
1000100
1010000
0101000
0110000
1000111

6
011000
010100
000111
011001
100000
101010

6
101111
011110
101000
110001
100101
101011

10
1000001110
0101100100
1100011000
1011110110
1011111010
1011101101
1001110110
1011111010
0010010010
1111001110

2
00
11

6
110110
101011
111000
001001
100101
000101

10
0110100011
1100001000
0101010111
1111011110
0101010011
1111101011
1111011111
0110101010
1110011001
0010000111

5
11111
01010
10110
00111
00101

4
0000
0101
0001
0000

5
10101
10010
11001
11010
00111

3
000
101
101

2
01
11

9
111000000
101100011
011110001
010011100
011010001
010001111
000101110
000010110
011011010

10
1101111100
0101110000
0011011001
0111100101
0100011001
0001110110
0101011111
1000000010
1001100111
0110001010

7
0100111
0110111
1001111
1110000
0110111
1100010
0000101

10
0100110000
1001011101
0010010000
1001000111
0000111101
0111101010
1100100110
1010011001
1010100010
0101110110

1
1

3
111
000
010

7
1010100
1011010
0000011
1011010
0011011
0011110
1110101

2
00
10

10
1100011001
0111111111
0011111111
0111000000
1010111001
0011110110
0010011000
1110111001
0011101011
0100111001

2
10
00

2
00
00

6
001011
111100
000011
100001
101000
100000

4
0100
1011
1010
1110

5
00011
10011
11010
10111
11101

6
110000
100001
010011
011111
011100
100110

7
1011110
0101010
1010000
1011110
0000110
1110100
1110100

8
01000000
10001111
10011100
00100110
00100010
01000011
10101011
00100000

3
111
111
001

7
1000001
0010000
1011111
0101010
1111001
1110001
0101011

1
1

6
011010
001110
110011
110001
111100
001101

3
111
101
101

6
101110
001001
000000
011011
011010
100110

7
0000100
0110000
0000001
1001110
0011011
1000101
0000101

8
01101001
00100011
10111010
11001111
10110100
11010000
01111110
11010110

6
100001
111011
101011
111111
110001
010110

9
111110110
000100100
101011101
010101100
000010110
001100111
110010011
110010111
111010101

2
01
10

10
1100111101
1011001111
0010100111
1001011100
0100111011
0100110011
0001111011
0011011100
1001000010
1001110001

2
01
01

4
0000
1111
1100
0101

5
11110
00010
10101
01101
11000

10
0111100111
0000001101
0011101011
1011111110
1100011001
1111100101
0011010100
0111011110
0110101011
0111100101

4
1100
0110
1001
0011

9
001010011
111010111
101000111
011001000
000001000
011011111
100111101
001101111
100101010

8
11000110
11110011
11011100
01010000
10011011
11101010
11110110
10000010

4
1101
0000
1101
0000

10
0110000101
0001100011
0000110001
1010000110
0111101110
1110111101
0011010111
0101110011
1001010111
0111111110

8
00111111
01010100
10010001
11100111
00010110
10011001
11001000
10000011

2
10
11

3
000
110
111

1
1

1
1

8
10010110
01011010
10011011
11100100
01101010
00010101
10100110
00000101

8
11110010
11000111
11101111
11001101
01010010
00100110
00111000
00110001

1
0

1
0

7
0101010
1100101
0010010
0100100
0000110
0001100
1010010

9
111110011
001010100
110001000
011011010
101110011
111100111
100000110
010101101
010010101

6
011010
111101
100000
011100
011010
001111

7
0011101
1000111
0000010
1000000
0111110
1000110
1101001

8
11010000
11001001
10101111
10101010
01111101
01101011
10001111
11011011

6
100011
001010
000110
000110
001110
100010

1
0

6
011010
000110
100111
010100
011100
011000

3
010
001
011

1
1

6
001011
001010
000000
011111
000010
101101

7
0001001
0000010
0101100
1011010
1111101
1101001
1010101

4
0101
0001
0011
0101

6
110100
010110
111000
111110
001010
010001

9
111101010
011100000
111001011
000011000
100111100
011010100
111110100
101001011
010010001

5
00010
01111
11001
00000
11011

4
1101
1100
0110
0110

6
101111
100111
011001
110000
101000
001010

6
111001
101100
111000
000111
001001
101001

4
0010
0101
0011
0010

5
11010
00011
00111
00111
10001

9
011010110
010011000
110010110
000000010
000011010
110000011
001100010
100011101
111001010

8
01101111
01011100
10010011
10101000
10101111
10011111
10100111
10010010

2
10
10

4
1001
0101
1100
0011

9
101011010
011001001
010101011
001010011
000010101
101111001
011010000
111101000
110110111

9
111010111
100110000
111101111
110000100
110100011
101000010
011101110
001100011
000101011

6
011010
101110
110010
001001
001101
000001

1
0

6
010001
100010
100010
001000
101011
011011

1
1

9
001001100
001110100
111010100
111101110
100111010
011000110
011110100
101010100
000010011

1
0

4
0011
0000
1000
1011

8
11100100
01001100
01000001
01010001
10010110
01010101
11001010
10110000

4
1000
0111
1000
1011

6
110011
001011
111000
001001
011010
111110

10
0100101110
0001010001
1101010110
0001101110
1010111111
1001111010
1000110011
0110000010
0101010001
0011000001

6
011101
000101
011000
110100
111101
001010

10
1111011010
1110010100
0011010111
1001101111
0100101111
1101000111
0100100010
0111011111
1111101100
1101101100

9
101010000
001010110
001101010
010011011
101101100
100110001
011001000
011111100
111000110

9
100110110
011110101
111010110
011101011
100011100
101101111
010001010
101111110
101110111

2
11
00

8
11000000
00001101
01000110
10101010
01001001
11100001
11100110
01000101

5
01111
01010
00000
00111
10110

10
1101000001
1111001101
1001111101
0011100011
0110110011
0101011110
1111110100
1111001111
1100110110
0000000010

7
0101101
0101101
0101100
1111101
0101000
1010001
0011010

5
00000
11100
00010
01101
00011

6
011111
111101
000001
100011
101011
000011

10
1001101000
0000101110
0001100110
1101000010
0110001110
1111101000
0110101001
1001001101
0100110111
0011001110

3
100
100
101

6
100111
110111
111001
111000
000011
011100

10
1101100101
1001100101
0010111000
1110010100
1011010011
0000100010
0110001001
0101100101
0110110111
0000110010

10
0011110011
1111000001
0010001000
1010110100
1000000010
1010011011
1100110100
1100001010
1110110110
1011111110

10
1000110000
0000100100
1111100011
1111010001
1101100001
1100011000
0010110101
1101011010
1101110100
0000110001

7
0110010
0111011
1010011
0101111
0001101
1110000
0101010

4
1101
0011
1111
1100

4
1110
0000
0001
1101

8
11100100
11001000
00111111
01100111
01000000
10010000
00110001
11111101

7
0010010
1110011
1100010
1000101
0001000
1010101
0111100

7
0010101
0110001
1100110
0011001
0010111
1101110
0010111

6
101111
010011
100001
101101
001010
101100

4
1010
1010
1010
1111

2
11
10

9
000011011
001101100
001100111
011011011
100001100
010011010
111110011
111011111
101111111

7
0010110
0100100
0110100
0110000
0100111
0000111
1101101

3
011
100
100

6
100110
011000
100100
101000
001111
110111

6
111010
110100
101011
110101
111100
110100

10
0011110000
1100100000
1010001101
1010011111
1100101110
1011111011
1001011111
1000010001
0011101101
0011110100

5
10111
10000
00110
01011
01010

10
1000111000
0001110100
1110010101
0000000000
1111101011
0101011101
1010111110
1011100100
0001010110
0110010001

4
1001
0010
1001
1011

5
11100
10100
10111
00111
00001

6
000010
011100
011000
110001
000110
010111

1
1

7
1001011
0101110
1101111
0000000
0100101
1000010
0001000

1
0

7
1101100
0000110
0111001
1100111
1001111
0111111
1011011

5
01001
01011
01010
01100
00011

3
111
110
111

4
0110
1011
1110
0011

9
111000000
101011111
001000100
000011100
110001110
011010101
110111011
011000000
011011111

1
1

9
100100001
111000001
110000110
010110001
001010001
100011101
101010010
011011001
100110011

4
0111
1101
1000
0100

3
110
011
010

8
00001001
11010001
11110111
10101011
10111001
00111111
10010100
10000001

3
010
111
001

4
0101
0111
1000
1111

2
10
11

1
1

5
11110
10111
00111
01011
01100

1
1

8
00110110
11011100
11100000
10011000
11110001
11110110
01011100
11010101

1
0

4
1111
1111
0110
1011

8
11110101
10001011
11111001
00011011
11010110
10101110
10100010
01000000

9
001110110
110001110
100000010
010010011
000010110
101101100
001001010
001010001
101000100

4
0001
0010
0110
1101

2
11
10

6
110101
100010
111101
001001
010000
010000

1
0

1
1

10
1111000011
1010110111
1010101110
1101110000
1110010111
0110010101
1001000011
0010100111
1011001011
1101010100

7
1010111
1000011
1000101
1001100
0011101
1000111
0001110

5
10000
10110
01000
00010
00111

9
110110001
100011110
101011110
000011000
101000110
100011001
000001110
111110000
111000111

4
0110
0111
0000
1010

3
101
110
001

2
01
10

4
0000
1100
1011
0011

1
1

8
10111101
10101101
00100001
11010111
01000111
01110011
11000101
00001110

6
010100
101100
100101
110110
111111
101010

1
1

8
00100000
11010100
11001011
01110010
00001111
00101000
11110110
10001100

5
01110
10110
11100
01100
10110

5
11000
01111
00100
01011
01000

4
0010
1001
1101
0010

9
100111000
001001011
010010011
110011111
101001101
100111011
001000100
111101111
110010111

2
10
01

3
001
001
010

7
0111101
1001001
1011000
0101101
0010101
0101000
0100001

4
1000
0110
1100
1010

2
01
01

9
110000000
100010001
110010011
101101110
011100111
111000100
111000100
100000011
000000010

3
001
010
100

3
111
100
100

1
1

8
00100000
10100011
11111001
11000100
10000100
00000100
10101011
01001100

10
0000100111
1010001101
1101101101
0001001100
0010001011
0110100100
1001111101
0001110110
0010111010
1100110010

9
110010111
101111110
010011010
111010011
010110110
111110000
110000111
011111100
101001011

5
11001
11110
01111
10001
01000

4
1110
1101
0100
0111

6
011010
111011
110010
110000
000000
101011

3
101
101
011

5
11111
01000
11001
10000
01011

5
10101
00001
10101
10111
10100

7
0000111
1000101
0100010
0110101
0110000
0100000
1101110

7
1011001
1011000
0000101
0010110
1000010
0010001
0110100

3
110
011
001

8
00101001
10011111
00000100
00111110
01010100
10100000
11000000
10000111

9
010100100
111011110
111100000
011111100
101000101
010000010
110110000
111110100
111111001

6
010101
011100
111000
101011
101100
011100

4
1000
0010
0111
1100

7
0010011
1010000
1011111
1101001
1000101
0010101
1010110

5
10110
10000
01111
00010
10010

10
1011110110
0111011101
0111101101
1000101110
1011010110
1110011011
0001011111
1101101000
1101111111
0110111101

3
111
010
000

4
0110
1111
0110
1100

6
011101
110010
101010
101001
010111
111011

3
111
110
010

6
001110
100010
010101
001110
001011
111100

9
001111101
101010010
110010101
101101001
101011101
110111111
101011110
001001111
111100101

4
1111
0010
1110
1000

6
110111
010101
000110
110011
010000
000111

9
111110010
111100011
000000001
110000010
001011001
001001110
111001111
110010110
010001110

3
101
111
010

6
111001
101001
011011
111010
111111
101011

10
0100010110
0010111111
0001110110
0110010111
0111010001
0001110011
0010001101
0101111010
0010000111
1101000111

6
110111
011111
100010
010011
001000
010111

9
010110001
001101100
111011100
010010110
011111000
010100101
110011111
111100100
000010011

7
1000111
1010010
1111001
1011111
1010000
1010000
0010101

7
0000010
1000110
1111000
1010111
1101111
0011010
1100101

5
01101
00010
01101
00101
11011

9
010011010
000011010
011110010
101011011
010110010
100101111
011100001
000110111
111110000

3
101
101
010

8
01000010
10011110
00000010
01100101
00110000
01010100
00101001
11011100

4
0010
1001
0001
1011

8
11111000
00010110
01101001
01111111
10011101
01110101
11000100
11001110

4
1110
0010
0110
1010

10
0101111111
1111111001
1110011100
0000011010
0100111111
0001100110
0110010010
0101110000
1101011011
0100110011

3
100
101
000

5
10110
11011
10010
01001
11100

5
10001
01010
10101
01000
00010

2
11
00

9
001010011
110111010
101110010
000111111
000100101
111110010
111100111
101001100
010010000

7
0100110
0011110
1010011
1101100
1100101
1111111
1001000

2
00
00

1
0

4
1001
0001
1111
1110

4
1011
1110
1011
1101

1
1

2
00
00

7
0010101
1011000
0111001
1011101
0010000
0101010
0101110

7
0000100
0100001
1101000
1001000
1111011
1001110
1110101

10
0101011010
1000111100
1100000110
0100101010
0010100101
1111011110
1010001011
0100110101
1100000011
0000111110

2
00
01

5
01000
00001
01000
00101
10011

10
0110011100
0111010011
1011101100
0100110001
0101010100
0001010111
0110101011
1110111001
1001110110
1000001100

10
1011000111
0101100001
1111001000
0111111010
1110101010
1110011100
0010100111
1100110000
1011110110
0100000100

8
01001101
11111010
01110011
10000011
00100100
01001101
11010110
01011110

1
1

6
001001
110001
000111
001111
101111
110101

2
11
01

7
1101101
1100111
0110101
1100110
0101111
1101111
1110111

2
01
00

1
0

7
1110100
0000010
0001101
0001110
0111001
0000100
1110011

3
111
001
111

1
1

9
001011110
010010000
010010111
011010011
010001000
100011110
011011110
110011111
111001010

6
001000
011101
010100
011100
110001
111000

1
1

5
00110
11110
01101
11101
11110

10
1001101111
0010000111
1010001101
0011001101
0001101110
1110101101
1011111111
0111010110
0101001110
0010001001

6
000010
101001
100011
000101
000000
101011

10
0100001000
1100010011
1100011011
0100100011
1110001001
0001010010
0011001100
0111111000
1000101111
0101101111

2
00
00

5
00100
11101
00010
00011
00010

8
01101011
01101010
10100101
00010001
11110101
11101111
11011000
01100011

5
10011
00111
00100
11100
11010

6
110100
111110
000000
100000
111100
001000

2
00
00

5
00100
11001
10010
10110
00101

8
11001011
00100010
11100011
10001011
11010001
11011110
10001010
11110000

8
00111010
00101111
10000000
00001110
01110000
00000101
00100011
00010011

8
11000100
11011010
10100100
01010000
00011101
10011000
10001100
01001111

10
0001010110
0000001111
1111100010
1111111001
1011110011
1100010111
0011001011
1100111001
0110010110
0010100111

7
1000100
0000000
1000000
0001110
0010011
0001001
0011001

4
0001
1111
1111
1100

3
000
000
101

2
00
00

7
0100000
1111000
0011000
1111001
0011011
0110011
0011111

7
1000111
1111111
1000000
0110010
0011100
0001101
0100110

2
11
11

4
0010
1011
1010
0011

4
1101
1100
1110
1110

5
10100
00100
00100
10101
11110

4
1101
1100
1001
0100

2
00
10

10
1110011010
1100000101
1111000000
1011110011
1101101111
1100001101
1000110100
0011101011
0111101100
0001000000

10
1011101000
1100010101
1110110001
1000110110
1100100001
1011000011
0100101000
1011110100
0011100000
0100100011

2
00
11

10
0110010011
1110111000
1011001101
1000100100
1100010111
1010010000
1100101110
1011111101
1000111101
1101011011

2
10
01

10
0110101010
1101111100
0001000011
1110110100
1110001000
1101011101
1101111110
1111101101
1011001011
0011011110

4
0001
1110
0111
1010

8
10001111
01010111
01000101
10110111
11110110
11111011
10000110
01111110

8
01010111
01101110
01111001
10111100
11011001
01001101
00111111
11100010

6
001011
101001
100100
101101
000110
001101

4
0110
0100
0110
0110

2
00
11

3
101
100
011

1
1

1
0

10
1000000101
0010110100
1100000110
0010100011
1111011110
1111101100
1000010001
0111101110
0111000000
1010001000

4
0011
0011
1101
0111

2
10
10

7
1101110
1000110
0010001
0110001
0110001
0110010
1111111

5
10000
10110
11101
10010
11011

10
1101000100
1101111000
1100000011
0100111111
0010111001
1011001111
1111110101
0010110101
1011101010
0110011111

9
001000111
011010010
000011001
100111011
011001100
100001000
001101011
111100000
101010111

10
1100010110
1011011100
1001000111
1110011000
0011111011
1111100000
1101000001
0111111000
0010101011
0011011101

1
0

3
111
101
110

6
111011
010001
110111
000111
001000
100011

3
100
110
010

7
0100100
1101000
1000110
1001011
0010010
1000100
0100011

6
000000
011011
010010
100101
010010
000000

2
10
10

2
00
11

6
000111
000111
010101
111100
010011
001001

6
100000
000110
010110
000010
000111
010011

10
0010100111
1110100101
1000011010
1101000101
1001010101
1011001100
0000001010
0010101111
0000000110
0011110001

9
010100001
100101001
111110010
100010100
000100110
110011100
001110101
111110010
010110001

10
1000101010
1010001011
0101000001
1011010011
1011011110
1111000101
0011111101
0010101001
0000110110
1111101100

4
0010
1000
1101
0010

1
1

5
00111
00110
10011
01000
10101

8
00100000
10010110
11100000
01111111
00001011
00100100
01001000
00000110

6
101000
010110
100111
100011
000110
111111

10
1011010011
0011101110
1011000001
0011111111
1001110110
0000100100
0101000111
0110111011
0101101000
1011101101

10
1110001000
0011000101
0011001000
1000001010
0010110110
0001101110
1001110011
1011001010
0010000001
0100000101

5
00000
01100
01011
00111
01010

4
0000
0101
1011
0000

6
010100
001111
011100
000101
010110
110010

1
0

1
1

3
111
010
001

3
000
100
101

7
1010001
1110101
1110001
1110011
0110110
0000111
1100101

7
0000010
1000010
1010100
1010010
1011100
1011011
1010101

7
0111110
0010001
1111111
0100010
0000011
1010010
1000000

10
1000110000
0110111111
1101100101
1011111101
1111000101
1101001111
1111101111
1111111110
0110010100
1111101011

9
100010111
110100010
101110101
010100101
010101101
100011111
000111011
010111100
001110010

10
1111110111
1000001011
1011100010
0000000111
1110110010
0001101011
1000011011
1010111011
0101000110
1010010000

4
0010
0100
0001
1100

1
1

10
0101100001
0110100011
0111010000
1000100001
0011101000
0101000100
1100001101
1110011111
0000101100
1101110011

6
111111
111111
111010
010011
111100
110100

7
1101100
0010011
0000110
1011010
0100001
1001111
0010010

10
1111011111
0010111110
0111001011
0001011111
0001100100
0111011001
1110100111
0011110010
1000011011
0100101100

10
1101110001
1011010111
1001110110
0010010001
0010010001
1100011010
1010000110
1111100100
0110111111
1000011001

6
110100
111011
101101
010110
001110
000101

10
1101101111
0010011011
1100000000
0101011001
1101111001
1001110011
1010111000
0111010101
1101110110
1000100101

5
11111
11011
10001
10111
10011

5
10000
11000
00000
01100
10000

1
0

10
1101100110
1001001011
1010011001
0101101011
1101000011
0110011000
1011111111
1010001010
0110010000
0001001010

10
0011111000
0100001100
1001111000
1000100000
1100011111
1100000100
0000101000
0001111101
1011000000
1100101000

5
11000
01010
11100
10011
01100

2
00
10

5
01001
01010
01110
00111
00000

6
001101
001001
101110
101010
110010
111101

5
10011
11010
01101
01101
00010

3
001
101
101

2
00
10

7
1000000
0000111
1010000
1101101
1110011
1101111
1100101

3
000
111
000

10
0111010110
1111100000
1010000001
0000011000
0001100010
1101111110
1111010001
0011111100
1001011001
0001000001

2
10
10

1
1

10
0000111111
0100111110
0111010111
0111000100
0100101100
1100000010
1110111111
0110110011
0011101100
1110111100

9
000010101
011101001
000010010
010111111
100110100
000111101
101010111
001001111
101100010

5
01000
10111
10110
01000
10001

6
101010
110111
010111
111011
000000
100010

1
0

10
0110011101
1011011111
1111101001
0111001001
0111111111
1010100000
1001000101
0100100100
0011101000
0110001101

4
1000
1101
0000
1000

3
110
110
110

2
10
11

10
1100100010
0110100011
1111100010
0111101001
1001101110
1101011100
1111000100
1011000000
1101001011
0010111110

6
011001
111011
000111
001111
110100
000101

8
00011010
00010010
10100010
00011000
11111000
00001100
00010100
11010101

5
10010
10000
11111
01100
10100

8
01111100
00001101
01100000
10011000
10110111
10001100
11101100
01110101

4
1100
1101
1010
1100

6
000111
110010
001110
111100
111111
000101

6
011011
000111
101010
010110
010001
111110

2
01
01

5
00111
11011
10110
00001
11000

4
1011
0100
0101
0101

6
000000
000011
010110
000111
111110
101101

8
11001100
10101000
10111101
10110100
10000110
00111101
01100011
01010111

3
100
011
011

9
000001011
100111000
100010100
000011001
111111011
001111110
011000000
100111011
001010100

8
10001000
10110111
01011011
10111101
01101111
10011001
01011100
00111100

9
111001011
100101010
101101110
010010100
010111111
001010100
010000010
110001111
001001001

8
11011011
10011011
10101000
00100100
01110110
10101100
10001010
01011001

10
0110001001
0100111111
1001011100
0111010111
1111001001
0010111101
0010000110
1100111001
1111101000
0110111111

5
10101
11010
10111
01001
01100

9
001000010
101011111
111111110
001000110
111101110
001001000
101000110
000001001
000100101

8
00111110
11011111
01100010
11101000
11111101
11001000
10000110
00110000

6
110110
110011
100110
010000
110010
000111

5
11101
01111
00010
00000
01011

8
01111111
01010000
01000011
10111011
11001101
10111011
10001011
01000010

4
1001
1010
1000
1111

9
111001010
110001010
001101101
001111000
101111000
001010011
111001111
110001111
011001110

8
01000011
11001001
10100011
10010100
11111000
01101010
01000111
11010110

3
111
100
010

1
0

8
11101010
00000111
11110000
11110111
01001110
00101111
10100010
11000101

7
0101010
0110101
1010110
0000111
0100101
0011011
0011010

7
1000101
0001101
0101111
0000101
1011110
1011001
0000111

6
011001
011101
101100
010010
111111
011000

6
000011
001110
101000
001100
001001
011001

5
10110
00011
00011
01111
00001

5
01110
11100
11010
00101
00111

1
0

2
01
10

1
0

2
10
10

3
111
100
001

6
010000
110111
001011
101110
101100
011101

8
00100010
01110101
01010110
10100001
10010000
00110000
10100010
01100001

8
00011010
01101101
11101001
01000010
00010110
10010011
11010110
10111000

5
01010
10001
00000
01000
10100

4
0011
1111
1100
1010

7
0110001
0110001
1101010
0100101
0100011
0010101
1000001

1
0

8
10111001
01001011
01011101
01100011
11101000
00100100
00100110
00010110

5
01010
01111
01110
00011
00100

8
10011111
11000101
10001110
01011110
01110110
10000101
01000011
10010111

1
0

4
1011
1000
0010
1000

6
010100
011100
000001
110111
011010
000110

7
0100101
1011011
1011000
1110100
1000110
0101100
0000111

10
1111001110
0101110110
1101101111
1000100001
1001000111
0110100000
0011101000
0111111011
0001011001
0000101010

7
0011111
1001100
0010001
0110011
1100000
0100000
0110111

2
00
00

5
00100
01000
11101
11100
01011

5
10101
10011
00001
00010
11100

8
10011101
10000010
11110110
11111010
11001011
11110001
10111000
01000001

1
1

10
0101101010
0001110111
1001100100
1001111101
1011000101
0001100000
1011100010
1001110101
0010011110
1110110101

7
1110111
1010001
0011011
0110010
1011101
0010001
0111000

8
10010011
11100111
00011000
00100100
00101011
01000101
10110000
01110000

5
10100
11000
10101
11011
01010

4
1010
1000
1100
0011

6
011101
100111
100101
010001
111111
110100

1
1

7
0111010
0001011
1001001
0010010
1000100
1011101
0110011

8
10000110
00110001
01010100
10001100
01011000
10011100
00111011
10100011

4
0011
0011
0001
0000

10
0101111010
1010000110
1111011101
0000001110
1111110110
1100101100
1010101000
0001011010
1000100101
1010011110

10
0001110100
1000101000
1001110110
0010010000
0110110110
1100101010
0011110110
1110000011
1001110001
0000000101

6
000111
001100
101001
110000
011001
001001

4
0001
1011
1010
1010

8
00110001
11111000
00001010
01001001
10011010
00000001
10010100
01101100

8
11011010
00000010
00100100
10001010
11001011
11000101
11111110
11110101

3
110
011
101

3
100
010
100

5
00111
00011
10101
10110
00010

1
0

1
0

9
010001100
110101001
110100011
000011010
010001001
100001010
100110010
000000111
011100100

9
001000011
000101001
010110011
100010011
101000110
000010011
111101100
010110100
101000001

3
010
001
110

1
1

2
11
11

1
1

7
0000111
0101101
0010010
1011110
1001100
0001111
1001011

10
1100110001
1100001011
0011010011
0110110001
0000110100
0101001100
1101010010
0110101011
0110011110
1010011000

4
0101
1110
1101
0010

1
1

8
10110100
00000001
10011110
10111011
01111010
01010111
01111100
01000000

1
0

10
1100101010
0101010111
0010001010
0000111111
1110101100
1000001000
1011100010
1111010100
0010000000
0001011101

9
110011100
001110001
110101111
000001010
011100111
011011000
010011111
100110101
111100101

3
110
010
111

7
0000000
0001011
1000111
1110001
0110101
1001110
0111001

1
1

10
1001111001
0010000001
0001001100
1001011010
0011110110
0000101010
0101001100
0001101010
0010101010
0010000010

10
1100011111
1111001101
1010001110
0001010000
1000000100
1011111110
1110111011
1111110101
0100110100
0010001001

1
1

5
10100
00000
10010
00001
01010

3
101
000
010

5
11111
10110
00001
01001
10111

6
011011
000001
001101
101010
001111
001110

10
0000000000
0101010111
1001110110
1100010000
0011100110
0001101011
0001001010
1011110100
0110011010
0101101000

5
11011
10110
10001
01111
01000

2
01
11

3
011
011
000

5
01100
00011
00110
00000
00010

5
11111
11010
00011
00011
01110

6
010011
000011
001011
101100
000000
110100

1
0

9
110111100
001111101
100001111
000011111
111101110
011100010
101101001
010100001
010001101

8
11110101
11000100
10010011
11000111
11011111
11101010
11111110
10011001

2
10
00

10
1001100011
0111001000
1111010001
1100011100
1011101101
0100100110
1111111101
1001000111
1110000110
1011000001

3
101
111
011

4
1001
1100
1110
1001

3
011
011
001

1
1

9
000111110
111011101
110000000
100010100
001001110
100100100
001100101
110100001
100001011

5
11010
00011
01101
10101
10101

3
010
000
101

9
100110111
111011001
100011010
000010110
100011000
101000001
101011001
001101000
101010110

1
0

9
000011010
001100101
101110110
001010110
011100011
111110100
101101111
101110100
011111011

2
00
10

6
110111
101111
110111
010010
000011
000110

10
1101101100
0001001011
0000010111
1011000111
0000001100
1001101111
1100101101
0101101101
0000010110
1100101110

9
000101110
111011110
010111100
000101010
110010111
111101111
001010001
110101000
111011010

3
111
110
000

7
0111100
0101000
0001110
1101010
0000001
1111111
1000101

10
1110111110
1010101010
0110101001
1110101110
1001111011
0000100100
1010100101
0010111011
1011010111
1110100001

8
00111110
11100101
11010100
00111010
01111111
00111010
10110111
01000001

6
110001
000100
110101
000100
111010
001110

2
00
10

4
0001
0101
0100
0101

2
11
00

2
00
11

6
001010
010111
111101
111111
101100
110100

10
1011011101
1100001101
1010100100
0110000010
0110110000
0010110110
1000101011
1101101111
0001110000
0011110110

4
0101
0011
0001
0100

3
000
111
100

5
10000
10111
01010
01100
00010

1
0

6
101101
000010
110100
010010
000110
100000

7
1010001
1111010
1101101
1000100
0010100
0100101
1100101

8
11111010
00101110
01011000
11011000
00111010
01001111
01100011
11111010

5
01110
00110
10000
01001
00110

9
101010101
011001100
100111000
100000111
000011011
100010001
001000000
110101110
000001001

8
00100001
11001001
11011100
01000101
01100000
01111010
01001000
00111010

7
1111111
0000111
0100100
1000000
0010001
1101110
1010110

1
0

7
1000011
0110010
0110111
0100101
0010000
1010111
1001101

2
11
10

4
1000
1011
1111
1011

7
0110100
1110100
0111100
0111111
1011001
0100111
1101010

1
1

10
1111101101
1101111100
0010001010
0101001001
1111110110
1011100001
0010001011
1011001011
0110010101
0111001010

1
1

3
110
100
100

5
00011
10001
00001
11000
01110

1
0

4
1010
0110
1110
1101

10
1111110000
1111111000
0001010110
1101110000
1101000111
0101010001
0010000101
1011101100
1101011011
1100011101

6
110010
100100
100001
011010
001111
011110

5
10111
11111
00100
01111
01010

5
10011
10110
01001
11101
11101

1
0

2
01
10

4
0110
0011
1101
1101

9
111101000
011000011
001111000
000010100
011001010
001110100
100111110
001000000
000101110

7
1100000
1011011
0011011
1011101
1111000
0011101
1010000

1
0

2
00
00

2
10
00

6
111000
010100
000110
010000
010010
001000

1
1

5
00001
10100
00100
01001
11110

10
0001111111
1111000010
0000111011
1011001110
0000111011
1101101111
1010000101
1101101110
1101110101
1010010110

3
100
010
101

6
111110
001100
011001
110001
011101
011110

8
01000010
11101101
10100011
01101001
00000100
10000100
11111011
01110100

9
101000110
101110000
110101111
011001011
011000000
011000101
011011010
000100001
010001011

3
001
110
100

8
10010001
10111111
10010101
01110101
11101100
00001011
00100101
10110101

8
01100100
10110011
00100011
11100011
11000111
00010010
01001011
10001011

6
000000
001001
100100
001010
000101
101010

7
0000110
1010011
1100100
1110010
1001010
0110101
0010110

1
1

3
100
100
001

8
01001100
11001100
11011111
11000100
00111010
10100110
11100010
11101001

8
01111000
00111110
11100111
11101101
01101011
11100011
11001010
00100010

1
1

4
1100
0011
1100
0100

8
11000101
11011110
00010111
11010011
10001011
00010111
11000110
11111100

4
0000
0000
1010
1110

10
1000010010
1111001100
0100000011
0000000110
1101111011
1111001010
1010100100
0000100001
1100100111
0110000110

4
1010
0111
0001
1010

7
0110000
1001110
0111100
0011111
0001000
0001000
1011010

3
100
110
001

1
1

8
11100100
11010111
10111111
11100001
01110100
00101111
00100111
00000011

1
0

