748
7
1000100
0000010
0101101
1111010
0110010
0000101
0101111

3
100
100
000

7
0011100
1111001
1011000
1110110
1101001
1011101
0100101

4
1010
1011
1010
0111

3
010
111
000

1
1

10
0001000111
0101111101
1001001010
1000001111
1011001100
0011101111
1111010101
1000001110
1001011111
1101100111

3
010
010
011

2
11
10

9
101000001
001101011
010000001
000010001
010101101
010001001
011010001
001111100
010001010

2
01
11

2
01
10

1
0

10
0101100000
0101101001
1101101110
1110001000
0101110000
0101011010
0001100101
1010101000
1101101101
0110001100

1
0

4
1110
0100
0000
1010

4
0110
0101
0010
1101

8
01000110
11111110
01110111
10000111
00000010
11110010
01101101
01011010

7
1011100
1010110
0000111
1010011
0010010
0000001
1001111

2
10
00

2
00
10

1
0

2
10
10

10
1010000101
0001000010
0010101011
1100100010
0101001010
1111000010
1111101000
1010111001
0100011011
0011101111

2
01
01

8
00101111
11101000
01100001
11001000
11001000
11111101
00001001
01001101

10
1000100001
1101010110
0000101101
1101000000
1001110011
1111000111
1110010010
1111011110
1110010000
0011100110

9
100010100
110011010
001101110
110011100
011010011
001100100
010100100
010100011
101010010

2
00
00

5
01010
11111
11100
00011
10000

9
000101010
001000010
100011010
101101100
010110010
110010000
000101110
010011001
011101010

9
110001100
111101111
000101000
101011010
010110000
110011101
001010111
100010010
101110110

7
1101111
1101000
1100001
1110011
0010000
1101011
1110111

7
0101011
1001011
0000100
1100110
0010101
1110011
1110110

5
11111
00101
01000
00001
10101

4
1100
0111
1100
0111

9
010101000
000111011
000101101
010101010
011111100
001011000
110001000
011010010
010000111

3
001
001
000

10
1101010110
0111110100
0101010011
0010000111
0101111001
0001011111
0010011111
0010100001
0001101111
0010000000

4
1010
1110
1001
0100

3
110
111
010

2
00
01

3
000
111
010

1
1

9
000000101
000101000
100011111
010100001
110010100
000011111
011111010
011110011
101100101

7
0011011
1000011
0000001
1101001
0111010
1111011
0011101

9
111000101
010001100
011001101
100001110
000110000
000010101
000001010
011000000
100101101

4
1100
1000
1110
0100

10
1110100000
1100000010
0110001010
0111110111
0100111101
1110000001
1010110111
1110000001
0001101110
0110001110

2
11
11

2
10
10

7
1101000
0001011
0110111
0010011
0011101
1111100
0110011

10
1010110101
1011101010
0001001110
1101110000
0011000000
0000101010
0010111011
0001100101
0001110010
0100001100

7
0100101
0011001
1011010
1010111
0100000
1010000
0101100

2
01
01

8
11100011
10011110
11011001
00110000
00011110
00101101
00011000
11110100

1
1

10
1111101010
0111000000
0110001101
1010011110
1010101110
0110111110
1111010001
1101111100
0011011001
0001110011

1
0

3
100
110
101

4
0000
1000
1010
1000

2
00
10

7
1100000
0110010
0110110
0101101
1001110
0000010
0110111

10
1111110001
1100110001
0000000001
1010010011
0111101000
1000001101
0001101010
1000111010
0000000100
1100100010

2
10
00

2
11
11

8
00111100
00010111
11101101
01000101
01000110
10011100
01001110
10000110

3
100
010
000

1
0

6
001110
111001
110111
000010
000010
101100

5
11101
00000
01001
01000
01001

1
0

6
000111
010101
010000
100000
111001
111110

4
1101
1110
0111
0110

7
1110010
0100111
1000111
0110010
1010111
1010000
1001100

2
00
11

2
10
10

3
110
001
010

5
00010
11010
00011
11000
01011

6
010000
010111
000110
101000
111101
110010

4
0111
0111
0001
1010

8
01011001
00011000
01110101
10101110
10011110
11100111
01111100
11010001

3
010
101
110

5
01101
11111
00010
01000
10000

9
101011010
101111111
010001000
100011010
101001110
101000000
011111001
010000101
110100000

6
010101
000011
011011
101011
110000
101100

4
0111
0010
0000
0001

6
110111
101110
110100
110100
111011
110111

2
01
11

2
11
01

8
10010000
01001101
00010011
11111000
11010111
01100001
10000010
11000010

6
101111
110001
110010
011000
001101
011000

6
001100
010011
110001
011010
011011
101101

9
011000110
001010000
011001000
011111011
010001100
101000100
111000110
000110100
110111010

8
00001101
10111111
01111100
10001001
01000011
00110101
01110010
01111000

10
0011100110
0010010110
0101111001
1100000010
1001111101
0011000010
0011001010
1001001110
1010110110
0100001111

5
01101
11000
10001
01010
01110

2
11
00

1
1

8
01000110
01101000
00000011
01111110
11001000
11100010
10010010
11010010

9
010101010
100010101
101011001
000101011
001111111
110101101
101000111
011111101
100000011

1
1

7
1111001
0101100
0110010
0001000
0001011
1100101
1001001

9
100101011
000011100
000111001
101001010
101010001
110001010
000000010
010101101
101000111

1
1

1
1

3
010
100
010

9
101000000
101001011
010111001
000111111
101100001
101111011
100111101
010101110
011110101

3
111
100
000

3
011
010
000

10
0110100110
0110001001
1111001000
1000001001
1001111111
1111000100
1100000011
0101101111
1101111000
1111111011

5
10111
10000
00110
10110
00111

9
000001100
101110010
010100011
001000101
010010101
111010110
111000110
100000000
001100101

8
11011110
11110010
11010111
00100100
00101111
01000011
00110001
11110001

5
00001
11101
11111
10101
11101

4
0000
1100
0000
1111

3
110
101
000

4
0000
0001
0110
0000

4
0110
1010
0011
0000

4
0011
1101
0110
0000

10
0101110111
0000111111
0001100010
1100100100
1010110101
0000010110
0111011010
0010010111
0100110100
1001001001

3
001
001
101

6
011111
011101
111000
111010
110100
011011

7
0000011
0001100
0101111
1110000
1010001
1111000
1011101

5
10111
11110
01011
11000
11010

6
000100
111111
110000
111001
011010
001110

7
1011101
1001100
0100101
0101000
0000111
0010000
1010000

7
0100100
1011110
1110100
1111100
0101101
1111111
1000110

5
00010
11001
00011
10101
01010

2
10
00

3
111
000
010

5
10111
10001
10011
01010
00100

6
101111
011001
010100
111000
110100
100010

5
00001
00001
00101
00111
01110

9
110111001
111011101
100001110
000011010
111000111
011101100
001000011
001011101
010111011

1
0

1
0

7
1101111
0100100
1010000
1111101
1001000
1001111
0011100

1
1

5
11000
01110
11011
01011
00101

9
101110001
101110000
100011110
010001101
101100011
111001111
011110001
001101110
010101111

1
1

9
110101010
110100001
000010010
110111001
110101101
010101111
111010010
101011111
110100111

4
0000
1010
0101
1010

8
00000011
11001110
10110110
00101110
00010000
00010111
10110011
00111011

10
0101100001
0011001100
1110010100
1001000111
0011110000
0001000011
0001001010
1001111111
1101110100
1101010110

5
00100
01001
10100
00010
00000

4
0110
1010
0001
0011

9
110111000
010010010
010001011
111000001
111001011
001010111
111011000
111101110
001111001

10
0111101001
1101010100
0111100011
0000111000
1010000001
1111110101
0010100100
1001011110
1110111001
1010011000

10
1101001100
0011011001
1011101110
0100011000
0100110000
1110010111
1110001010
1000111101
0000011011
0110100111

5
01010
11111
11101
10101
01010

6
101001
000111
001110
111111
110011
111111

8
10001011
01000100
01101101
10110011
00000101
11101010
10101111
11001010

2
01
10

3
111
101
111

8
01101010
00010010
10100111
01001110
10011110
00010100
11111100
11011011

7
0100101
0010111
1001011
1000010
1011101
1100001
0100110

9
101111010
011111000
111001001
011001111
100101000
000100011
100000111
000101010
010111001

1
1

6
111010
101011
010000
000011
011000
100010

8
11110111
11011111
10000110
11101111
00101010
00110010
11000010
11111111

5
01101
10011
01110
00101
01001

9
110101011
010111000
001110101
111110001
110000001
111001100
111011011
111001010
010110101

10
1110011101
0011011001
1010110100
1011001101
1111110101
1101111101
1100000010
0110111110
0001010100
1110010111

2
00
00

5
01101
00010
01010
10111
01101

4
0101
1000
1101
1000

2
00
10

5
11001
00011
00111
10110
00101

3
111
010
001

2
01
01

8
01100001
11010010
00110011
00111001
10011000
10100101
00110100
01011011

7
1111011
1011011
0110010
1001011
1000100
0011110
0101011

10
0011010101
1101011100
0110100111
0101100111
1011101011
0110001101
1010110001
1100100000
1001111111
1010000000

10
0001100110
0100010001
1000110100
1000000011
1001010110
1100010011
0001001111
1110100110
0011011010
1111000110

3
110
011
100

7
1100100
0110000
0000001
0011101
0110100
1110101
1111101

6
110000
001101
011110
110010
101111
011100

3
100
001
100

4
0100
0010
1001
1111

4
1111
1111
0101
0111

2
11
00

2
10
00

7
1000010
1001000
0100000
0010001
1110101
1001001
0001011

1
0

6
110010
111000
011000
100111
000011
100111

9
001110100
011011010
101011100
100011011
001111101
000000111
101011011
101101011
111111011

10
0001111000
0110010101
1111101100
1101000001
0001000100
0100010000
0111001100
1000110000
1010001000
0010000001

3
001
101
110

3
101
011
101

1
0

3
100
000
100

1
1

6
111000
001110
000011
000000
011111
100001

7
0001101
1000011
1101001
0000011
0011010
0000011
1111011

3
011
001
000

2
00
11

6
100001
001000
010010
010110
100010
110111

3
100
010
110

4
1010
1001
1010
0011

7
1111011
0100000
0111101
1000001
0000000
1110001
1000100

6
110110
011001
111101
010001
111100
001101

6
000000
111110
110111
110000
110000
110010

3
001
101
000

1
1

2
10
11

5
01101
11111
01001
11000
11000

4
1000
1110
1111
0110

10
0010000000
0100000100
0111011000
1101111111
0100101000
1111000111
1010001010
0111001100
0110110011
1101000100

3
001
100
100

4
0101
1011
0110
0111

1
1

4
1110
1011
1011
1100

2
00
01

4
0111
0001
1011
1110

5
11110
11010
00111
10110
01110

8
00001110
00011110
01001111
00010000
00110100
10011010
00111110
01100011

4
1011
0111
0111
0101

2
00
00

5
10011
01100
11111
10010
01000

4
0000
0110
1010
0111

3
110
011
101

10
0101101111
1111000100
1101011110
0110001011
0101110000
1000100101
1100011011
1110001011
0011000001
1110000000

4
1011
1011
1000
1111

6
000101
001010
010101
010101
111001
010111

8
10110101
10100011
11000111
11000001
01001011
11111101
10000011
00000110

5
11101
10010
00110
00101
01011

7
1010000
0001000
0011110
0000001
0000011
1101001
0011110

7
1111011
1000001
0110100
1111000
0010010
1010111
1011110

2
01
00

3
010
000
100

10
0001000011
1110110010
1001101100
0011001000
0001101010
0111111001
1110101110
0101010111
1111000101
0000001000

7
1100010
0101101
1011010
1010001
0001110
0111110
1110110

4
1000
0000
0101
1001

4
1101
0110
0011
0011

10
1001000101
1010100011
0011001010
0100000111
0101001000
0110010110
0010001010
0000100000
0101011101
0100111010

8
11101011
01001100
01011100
00111100
10110110
01100110
00111001
11001001

1
0

6
111111
110110
010100
001100
101011
011000

10
1001001011
1010011111
1110001000
0100011000
1011011110
0010110000
1110000010
0001001111
0011111111
1111010000

8
10000011
10101000
10000011
00010101
00110000
11100111
01101111
01101000

3
110
100
111

6
011110
010101
101111
111011
111010
101110

5
01000
10000
00010
11110
11111

4
0101
0100
0011
0100

10
1011111001
1001100101
0100101010
1111000100
1010011110
1000111110
0001110000
0100100011
0000110101
0110011111

7
1010101
0000100
1100000
0110110
1110101
1011011
1101110

10
0101101010
0110001001
1110111001
0100110001
0011111111
1010001110
1011111100
0111100010
0000010000
0111101001

1
0

10
1001101001
1110001011
0010111111
0001000110
0001000011
1000111100
1011000001
0010111101
1100000110
0111110000

10
1001101011
1101111110
1110111100
1010110110
0101011100
0100101011
1101010101
1001100101
0011100110
0111010000

9
101000110
001011100
000000010
010110101
000111110
110010001
111101110
000111000
110010111

10
1010010001
0101011001
1111101010
1101100011
0110001111
0100011011
1011010011
0100100111
1010010010
1101101101

8
11000000
01001110
10011001
10101010
00010110
01011000
00111001
01110101

3
110
011
100

4
1101
0000
1101
1011

4
0000
0100
0011
1000

9
111011011
100000111
011111101
011101100
010111001
111101010
111101111
111010111
011011000

2
01
00

3
110
110
110

8
01111010
10001000
00100111
00111011
01001000
01101001
11101001
00000111

5
10101
00001
00111
10000
00010

10
1011111100
0100010001
1100011000
0001100010
1101011000
1111010001
1001100001
1101101100
0110000110
1100100010

10
0100110000
0001111001
0010110111
1100111011
1011111100
1010100011
0001100001
0101111110
0011001001
1001110111

4
0100
1010
1001
1000

4
0111
1111
0100
1010

5
11000
00101
01000
01001
10101

8
11011010
01010100
00001100
01011110
10000010
01111100
10100000
11000001

3
111
110
100

1
0

10
0101100100
1100101010
0110101101
1111001111
1100110001
0000000111
1000111000
1011100010
1000110110
1011101000

5
01110
00010
01100
00100
11100

3
111
000
110

5
11000
00001
00000
01000
01011

2
11
01

9
000010000
001111101
111001101
010000101
111111000
001101011
110111010
101000111
101100010

4
1000
1011
0001
1000

5
11110
00010
10010
11001
01111

4
0110
0101
1100
0000

3
000
100
010

9
000100110
000110010
101100110
100000010
001111111
010101110
001000110
110110101
011101000

9
011011111
110010001
111100101
100011010
100101001
100000010
100110110
100101110
111000110

10
1100010101
1111111011
1111001110
1110100101
1001110111
1000101111
0100111111
0100000010
1100010110
0000010111

10
0110101110
0000011111
1111110100
1000110111
0101100101
1100110111
0111101010
1001010110
0101010001
0010001111

10
0001111011
0100010110
0101011001
0010100101
0001110100
1100001011
0100100110
0001101100
1110011011
1110100010

5
10101
01101
10100
11010
11101

2
11
00

7
1101110
0001011
0011011
1110001
1100000
1011010
1011111

3
100
101
110

7
0111011
0000011
1111111
1011001
0010011
0010000
0100001

3
110
011
000

7
1011111
1001110
0110111
1010101
0101100
1101010
1110000

6
100001
100100
110101
001101
000111
110100

4
1110
1011
0001
0011

6
110111
100110
110011
110000
101111
111110

5
11111
10000
00001
01011
01100

5
00110
01010
00010
00110
10110

6
011011
000010
010111
110010
000110
001011

2
00
11

10
0100001110
0100111001
1101111101
0010101110
0011010110
1100000101
0101101011
1010101010
0111001010
0111100110

9
111000100
110001101
101000111
011111111
000111101
001001101
000001110
110000111
010000010

1
1

5
10000
10110
11010
00101
00110

7
0010100
0110100
0001001
0101000
1100100
1110011
1010100

1
0

8
10010010
10000011
11011101
01000001
00110011
10101010
10101010
01101011

7
0111101
0001110
1111111
1110010
1011110
1111011
0000100

1
1

4
0010
0010
1010
1010

5
11100
10110
01100
10110
01011

9
011101010
011100000
001111110
110101000
010011011
101000111
011000100
101000001
111011001

3
000
010
011

2
11
01

10
1110110000
0001000001
1000000100
1101010100
1110110010
1110010111
1100111000
0100110100
0010010010
1001101110

7
0001001
1001000
1000100
1000101
1010000
1111010
0001111

8
11000100
01111010
10011000
00110001
11100100
00111110
10100011
01101011

7
0010101
0011011
0111000
1011001
1110101
0001010
0010010

8
10000000
00011000
11111010
11110000
10001110
10110101
01101100
11101001

9
011111110
100110100
000010110
011101111
001011110
010001101
011000010
111111001
000010100

5
10111
00010
10111
10101
01100

9
111100001
111010010
011100011
101101110
011010000
100000111
001100000
111100001
111011100

8
11111010
11101110
11000000
10100000
10100110
11110101
10110000
01110111

5
11111
10101
10011
11000
00101

7
1011101
0110010
0111001
1001010
1101000
0101011
1010100

2
11
10

1
0

5
10111
01000
10100
10011
11100

5
00001
00110
00011
01101
00000

3
110
101
001

2
01
11

1
1

6
110001
010100
011001
100000
110011
111100

7
1000010
0001100
1001110
0011000
0110010
0000000
0000001

8
10110010
11011111
00100001
01100011
11011011
00010101
01011010
10111100

5
01110
01010
00000
00101
01011

6
010001
010100
011100
001110
000001
010110

6
101101
101001
001000
100000
011011
011000

8
01010000
11011111
01111111
11101110
11010101
01111110
11111101
01110000

3
010
110
110

3
011
111
111

2
01
11

1
1

9
010111100
010011101
011000010
011001111
010101000
011111010
111111011
100001001
001100010

2
00
01

4
1100
0101
0001
1100

7
0011100
0010001
1100100
0100001
0010101
0101000
0100000

1
1

2
10
00

5
11101
10000
01110
11001
11111

3
010
001
001

6
111010
110011
100111
110111
110111
011110

1
1

2
11
00

9
100101001
000011110
011000001
000001011
000010010
111010101
100001100
111100001
000111111

6
110111
110101
010001
100111
111011
100100

6
100111
000001
100100
100010
011010
110100

7
1111101
0101010
1010000
0110110
0010110
1011001
1101011

7
0001001
1001001
1111101
1011111
0101101
0101100
1011101

4
1101
0101
0100
1010

6
011001
110100
101000
000100
110000
111101

8
00111110
01110000
11001110
11001110
00101100
01111011
10001111
00001001

10
1111010010
0101000111
1011101001
1010000111
1100101101
1110000000
1111011000
0101001100
0110100110
0100011000

2
01
11

7
1100100
1100110
1001101
0111101
0001000
1100011
0101000

5
10101
11011
01011
10011
11001

10
0010100011
1111000101
0010010001
0101001000
1000100010
0011110010
1101000000
1101101111
1101011101
1001001001

3
010
101
100

6
000110
001110
110001
101101
010110
010011

5
10000
01010
10110
01100
01001

2
00
00

2
00
01

6
110111
011110
011000
001001
100111
101101

3
001
110
111

8
00100101
01000101
01111001
11101001
01000001
10111110
00100000
10010110

9
011001001
010001010
111001100
110011000
000001100
111010001
010010100
000101010
000111000

2
01
11

10
1010010110
0011000000
1011001000
1111001100
1101111100
1010000110
1111110011
1010011010
0111011100
0110111011

3
111
001
110

4
0100
0110
0100
1010

8
11100000
10000101
10100100
10011100
11100011
01000100
00100110
11001100

2
11
01

7
0100110
1101010
0000110
1110111
1010110
1001110
1111011

4
1101
1000
0000
0100

3
101
001
100

7
1110011
1111100
1100000
1110010
1101001
1001011
0100001

6
110000
000011
111001
111110
111110
010011

3
001
001
011

4
0001
0010
0001
1111

1
0

2
11
11

4
1100
0100
0011
0010

6
011100
110001
001001
001100
101000
101100

1
0

10
0010000011
0111111111
0111111011
0100110101
1001100000
1011101001
1011001111
0111110001
0001101001
0011001101

1
1

9
010110111
010100001
000110111
010110010
100001010
000001110
100011010
001011000
000101000

9
000011100
110011110
111110011
010010010
101000100
011000000
101110011
011000011
011110100

3
110
000
111

6
110100
111111
011000
010111
110100
110110

1
1

5
00011
01100
00001
00111
01011

10
1101011010
1000100110
0010010010
1010111010
0010101100
0100011100
1011110101
1101110110
0010000010
1001000010

4
0000
0111
1100
0011

2
11
01

10
1011111100
0110101011
1101000011
1101010110
1000110000
0001110001
0100011001
1111010100
1010001100
1100100110

2
11
01

7
1100100
1111010
0011100
1100101
0110000
0000010
0011101

8
11101000
00001011
11001010
11000011
00110010
01110110
00010100
11000100

8
11111010
00110100
10001100
10110001
10000101
01100101
11110011
10000111

4
0010
1011
0011
1010

1
1

5
10100
11011
11101
01010
10000

2
01
10

4
1001
1100
1111
1100

5
01111
00001
01010
10110
10101

9
011001101
100001010
110001110
111000010
010111000
101010100
111000000
110111110
101010001

1
1

5
10100
10110
10001
11101
00110

5
11101
01100
10101
01000
10001

6
100110
111000
010010
001110
110111
010100

5
11011
01111
10010
10000
11010

10
1010111111
0101100011
0001001011
0011001100
0100110100
1111111111
0101111011
0011100101
0110110001
0001100111

1
1

6
011011
010100
110001
000011
011010
011110

7
0000101
1100111
1011010
0010000
1100100
0000010
1010010

4
1101
1001
1111
0111

9
000100000
111101100
111000000
000000111
100101000
010001111
011001101
001101101
100111011

5
10100
10011
00110
10110
11010

5
10110
01101
10101
00100
01101

6
101111
100011
011110
100000
010111
111001

10
1010011100
1000010000
1100101010
0011000100
1001010101
0110101100
0010110001
1100000001
0011100101
0000010111

5
10010
01111
00001
00100
11001

10
0011110011
0110011110
1101011000
1110000101
0100000111
0010100000
0110001100
1111011001
0010011111
0001111110

3
110
111
111

8
01111101
11100101
11111101
11001001
00001100
11011110
11110000
10100111

4
0010
0011
0001
1101

2
10
11

7
0010001
0011000
1010101
0110110
1111010
0101010
0000111

10
1000001010
1010111000
0010011001
1010111110
0111111001
0001000110
1100001011
1101101010
0000111101
1010010011

5
00010
01000
10100
00011
10110

7
1111110
0011001
1001010
0100011
1001111
0001110
1001000

9
011111110
110110011
111110001
111001110
010010101
111011010
010100000
010000000
100101011

1
1

8
10010011
10100011
10110110
11111000
01110101
00111110
11100110
01001101

4
1100
1001
1001
0110

4
0100
1001
0101
1011

7
0001111
1100001
0101000
0010010
1111001
0010011
0001001

7
0111111
0101010
0010100
0110101
1000001
1101010
0111011

7
0110010
0010111
0100100
0110101
0110101
0100001
1001100

3
001
110
001

5
11101
00011
01001
01010
01011

9
110011001
000001100
111100000
010101111
001111110
101000100
011110001
101001010
111110111

8
00001101
10011011
10110111
11100000
00100110
01111000
10010101
10001000

5
00001
00111
01000
00111
10000

10
1110001100
0110000010
1101011011
1101000101
0000011001
1010011011
1001011001
0011000110
1111001111
0010001110

4
1101
0111
0001
0110

4
1101
0010
1011
0011

10
0001100100
1011011011
0101111100
1000001111
1011101010
0110001011
0000001110
1111000100
0101000111
1000011010

4
0101
0011
1011
1000

4
1010
1011
0100
0111

8
01101011
01001111
10000001
10100001
11110010
01100000
01101100
00101100

7
1011000
0111001
0001000
0110001
1011101
0110001
1101111

7
1001011
1000010
0111110
1000111
0000011
1001110
0100101

5
11011
10111
01101
01000
11011

2
01
00

8
11100101
10101011
01100001
10101001
11100000
10001011
00000000
10111010

6
010110
100110
100110
100101
001100
100011

8
00001000
00000111
11001010
01000110
11100111
11100011
01010111
01001100

2
10
01

4
1101
1110
0111
1100

9
010101111
001100110
111010111
100110101
000111010
001101110
011001111
010000010
110111100

9
001101100
000011100
100010001
010011001
101111000
110011010
110000101
110000111
110001101

9
111110100
011011001
011010000
110101101
111101011
010011111
101101001
001101000
011111100

6
010100
111000
111100
110110
101111
000111

1
1

1
1

4
1011
0010
1110
1000

4
1010
0010
1100
0010

2
10
11

1
1

4
1001
1101
0000
0101

1
0

3
110
010
010

8
11100010
01111001
01101110
01100100
11000100
11000111
11110100
11101011

8
00100000
10101001
01011110
00100000
10100000
01010111
01101000
00101110

7
0011010
0001000
1001111
1010111
0110000
0111111
1110101

8
11000001
10100010
01100010
11011000
11011100
00100000
10100010
01101001

9
011010001
111010011
011101010
010111000
100100101
110011001
000110000
010000011
100101110

10
0010111101
0101000100
1111001100
0000110100
0110010000
0001111001
1101001110
0011101111
0000000111
0001011001

10
0110101111
0000000001
1100111101
1010011111
0111111001
1000100111
1101010001
0110011101
1011100010
0110010001

8
10110010
00001001
11100101
01101100
10101101
11100010
10011100
01010010

5
10011
00111
11011
00011
10100

10
0000100100
0001001010
1011011101
1000101011
1110111000
0000011010
1010100000
0001100011
0100110000
1111101101

5
11100
01100
01111
11010
00000

2
00
10

6
000100
100100
001100
011110
001110
011011

4
1000
1011
1000
1011

7
1000101
1100010
0110010
1010001
0010100
0111100
1000000

10
1001101010
0101100110
0011111011
0111011111
0011101011
0101110001
1011010001
0000000000
0101011000
0110011110

4
1000
1111
0100
0110

2
00
01

7
0100110
0001000
0001110
0110000
0001011
0010101
0111001

2
00
11

1
1

10
1001111000
0100000100
1000101110
1111000011
1101010000
0010001111
0111000100
1011001110
0010000001
0010001110

2
10
11

4
0111
0111
0000
0101

4
1000
0000
1110
1000

3
111
110
100

7
1101100
1111101
1001100
0011001
0001010
0001010
1111100

5
00011
11001
11101
01010
00011

7
1110101
1101111
1011011
1110100
1011010
1001010
1001100

8
11001100
11000011
11010111
01001000
00010101
00011000
10110010
01011111

10
0110011000
0101011011
0000111110
0110001101
1110010101
1110001011
0000101110
0011101110
0111001000
1011001100

7
1100101
0100010
0011011
0001010
0010011
1111111
0011001

7
0010100
0011011
1000000
0010100
1000010
0110111
0010101

7
0101110
1001110
0011010
1001100
1110101
0000111
1010111

9
110111110
000111011
010000000
100010101
100100000
010100001
100100011
000111100
101101000

8
11111010
01100001
01001011
00011011
00101000
10111101
01101100
10011110

3
000
011
100

10
0111001111
1010111100
1010101000
1110000101
0100111010
1100101010
0101101010
1100111111
1001001101
1111101110

4
1101
1100
1100
0111

1
0

4
1111
0000
1011
1100

9
111111111
010001010
101110000
011101101
100101011
000011011
000110110
011110010
010101010

8
11101000
00001010
11001011
10111111
01011000
10000010
11100111
11100101

9
000010011
110110101
001110110
010011010
101001000
101111110
010101111
111010000
011100101

5
10000
01010
10111
01001
11010

4
0011
0001
1100
1010

6
101100
000010
010000
000110
000001
001011

10
0010111100
0011111001
1000001100
1011101010
0111000101
1101000110
0111011011
0011100101
1100011001
1110010101

5
00001
01110
11110
01101
01011

7
1001100
0111001
0001100
0011110
1000110
1111011
1000000

9
101101110
100101110
110111000
110000111
011111000
011011101
000000101
111010000
000010111

10
1111100101
0011010001
1101110101
0100001110
1001010010
1101011011
1111100111
1011110010
1101000001
0110011101

1
1

4
1101
0001
1111
0111

2
00
10

3
101
100
001

2
01
01

2
10
10

5
01110
00101
10011
11000
11011

5
11110
11010
11110
00000
10000

5
01111
00001
01001
01110
00010

2
01
11

2
01
01

3
111
001
111

1
1

1
0

10
0101001000
1100001100
0111010110
1001101111
0000010101
0010001011
1010101001
0001010101
1010111100
0000101101

1
1

2
10
01

3
101
011
000

10
0010111101
0011010101
1100001111
1101001010
1101110111
1000010111
0110001010
0111101011
0101010111
1110001000

4
1111
0111
0111
1111

8
11010100
01110011
01011000
11110001
10101000
01111100
00101000
00001110

3
110
111
011

10
1101111110
1000100111
0111101111
1011110110
0100110000
0011111011
0110010010
1000001000
0000100111
1101110001

3
011
011
111

7
0101010
0111110
1111000
0000100
1010001
1110010
0001111

4
1001
0110
0100
1100

7
1101001
0001111
1000101
0010100
1111010
0110011
1101101

4
1111
0010
0010
0111

1
0

2
11
11

3
100
010
110

4
1001
0111
1111
0100

10
1101000111
1010111101
1001101000
1010001001
1011000011
0001010001
1100011101
0001101011
0110110111
0001101011

4
0011
0110
0010
0101

8
10010101
01010000
01111111
11110011
10000010
01100011
01110000
01011000

2
01
01

8
10001000
01101100
00100001
00001111
11110101
01001011
00110100
00110101

6
101010
100101
101010
011110
011010
001000

2
00
01

4
0101
1000
0010
0000

8
10010001
00011010
01111011
00100000
00110001
01010001
00111011
01100110

9
000011100
011110010
010000001
110011100
111000010
000000101
100100100
111001111
111101010

4
1110
1110
1101
0010

9
100011000
101100101
010010011
010110100
010010000
010010100
111100100
000110101
011111101

7
0110001
0010010
1001110
0011000
1010001
0001101
0100110

6
001011
001000
101101
011101
111110
100010

4
1110
1110
1000
1011

4
0000
0011
0110
1100

4
1010
1100
1011
0101

4
1000
1011
1000
0010

1
0

5
01101
00100
10110
10100
00101

3
100
000
111

6
011011
011001
101111
100001
000010
111111

5
01101
10110
10000
00111
10111

10
0011100011
1010010000
1010001110
0111001100
0011010100
1001100010
1000110001
0110100100
0111110010
1110100110

9
010110111
100101110
000010000
001011101
100110011
110011010
011010000
011101110
000110010

7
1101111
0000011
0111000
0001110
1101101
0111110
0001001

9
011001100
001110010
000001010
011010011
010001000
010111100
111100010
101111101
101100001

4
0010
1011
0000
0111

2
11
10

5
11101
11110
00110
10000
00100

6
010000
001111
000111
100101
110001
100000

6
100000
100001
101011
001100
111111
100000

7
0111011
0101000
1000011
1011011
1000100
0111100
1100011

6
010100
100111
110100
000010
101011
001110

1
0

3
001
011
110

3
010
010
110

7
0100001
0101011
0000010
1100001
1000010
1100001
1111100

4
0000
0010
1001
0111

4
1111
0101
0010
1100

8
11001011
01100101
01110100
10001011
10110011
10111110
10101001
01000010

6
111101
101100
100011
100101
011101
001101

4
1001
0111
1001
0110

4
1101
0110
1111
1001

9
000111100
010111001
111011100
011110110
001110110
100000110
101001101
100000111
110010111

3
110
011
010

7
1001110
1101111
1000101
0111011
1001100
1100110
1100111

3
111
111
100

6
010001
001011
101000
000001
110101
110101

4
0100
1100
1101
0011

5
00000
10101
00001
10010
00110

8
00110111
11011110
10010001
11101000
10010111
01101101
11010000
00111010

9
101010001
011100100
100110011
110011001
110000101
110101100
000011000
000000001
111001110

3
000
110
001

3
011
001
001

7
0100001
1111100
1111110
1111100
1011110
1101000
0001001

5
00110
00100
00110
00000
01110

3
100
010
100

5
10101
00000
11001
11011
00110

7
0001100
0101101
0111110
0111100
0100101
0001100
1000001

9
111110101
100001010
111101111
100011101
101100000
100101100
011011100
000000110
010100011

3
111
010
001

6
100011
110111
011011
111110
011001
000101

5
00010
01000
01010
00001
01100

8
00110001
10100001
11100110
10010111
01000011
11010000
00000110
00101011

9
111001101
100100000
110110111
100101111
001000001
001000110
001110011
000011010
100001110

5
01110
00101
00011
00010
10100

1
0

10
0001100100
0010101010
1111011011
0111010010
1010100011
1000100100
1100101011
0000100110
0010000100
1111010100

9
011000111
101010010
101000111
001100000
001101111
000110110
001001010
001010000
111100001

9
110010111
011010101
100001000
111110110
010011110
010010011
110110110
010010001
010001111

9
001000100
001111011
011110100
011010110
100111001
000001111
101000101
011100011
111100001

2
11
00

7
0110111
1101100
0110110
1100110
1101011
0100111
1011101

5
00001
10001
11101
11010
00110

1
0

9
110001000
001111110
011001100
001110101
101100110
111011010
110001111
010111100
000110101

6
100100
110101
001101
101111
101000
001100

10
1000010110
1000101010
1100101111
0001101000
0101111000
1000100000
0111101100
0011010111
0101011011
0000101001

9
010100110
111110110
111111111
000000000
101001100
111111101
110010110
110001111
100100101

2
10
01

4
1101
0101
1100
1100

5
10111
11111
10101
01001
11100

10
1001011001
0001101001
1010011101
1100100111
1001010100
1000110000
1101111110
0010000001
1011001011
1001000001

5
01110
01111
01011
00010
00011

7
0000010
1100011
1111100
0101000
1110011
1110001
0001011

7
1011010
0100111
1010100
0001111
0011100
1100101
1011001

3
111
011
011

3
100
101
001

6
011000
101010
010001
100110
100111
101101

7
0001101
1001011
1001010
0101000
1100101
0111101
1000001

3
100
001
011

10
0011110111
0010011100
1001011010
0000100011
0000011111
1011001010
0101011101
1110110011
1001101100
0111100010

6
111111
001100
000010
010110
101010
001010

10
1001011100
1000100010
1010011010
0000010101
1111001100
1001000011
1111110011
0010000111
1100100001
1011010100

3
000
111
000

9
010100101
110110111
100001000
111011011
011000111
111001110
100001100
001100010
100011001

10
1111111110
0111011011
0111000001
0001010101
0111011110
1101111100
1110011101
0011110010
0100100111
0111100010

9
010101110
111011010
101001001
001010001
100000001
111000011
101110101
011010111
110011110

8
01001010
01010111
00001011
00001000
10001011
00100111
00011101
00010010

3
111
010
001

1
0

7
0110011
1101001
1111110
1111101
1101110
0111110
0101001

1
0

10
0100010101
0011010100
0011011011
1000010101
0001110011
1111011010
0111110001
1001111101
0110000111
0110011001

9
000101000
011011010
110100111
000110000
100111010
010110111
011011110
011101001
101101111

8
01100100
01100110
01101100
10100001
00011111
10100001
01111010
11000000

9
101111110
010011100
111111010
111111101
100011001
000101010
010111111
110111011
101010010

3
001
101
011

3
100
111
001

2
10
10

1
0

7
1001110
1100110
0010100
1100110
0010011
1101100
0011000

3
010
010
111

8
00111100
00101101
10100101
00000011
11101111
11010010
00101101
11111000

2
01
11

10
0111001110
1101001111
1010001011
1010101101
0000110100
0000001001
1010111101
1111101000
1001111001
1110110011

1
0

6
101100
110100
010000
011001
110000
100011

9
110110011
011010101
000011001
011011100
000011110
101001010
001001100
001101011
111001000

3
010
110
011

2
00
00

8
11101010
00010110
11100010
10100000
11000010
01101011
00110010
01001000

6
000100
100110
100110
001111
011100
010000

4
1101
0111
0011
0000

1
1

6
011000
101100
101010
100010
000011
011101

2
11
11

9
101001011
011010111
011110111
110111000
110001000
000110111
110101110
101100111
010000000

8
00111110
11100110
11001010
10100101
00000101
10110101
00101000
01010001

4
0001
1101
1111
1010

6
110010
000111
001100
001001
001011
100101

10
0111000111
1110101110
1011111111
0111011101
0001011101
1000010010
1100101000
1111001111
0010111010
0010001000

4
0000
1001
0001
1000

9
000001011
100011101
111110011
010101101
111100010
100101001
010010111
100001000
101010100

2
11
01

9
111101111
110111110
010011001
010001010
011100000
100101010
001101011
110001101
001101111

4
1110
0010
0101
1100

9
011110011
011110101
000110010
001101000
101101111
110101011
011011001
100000110
001010101

1
0

7
0010111
1000100
1101111
1001001
1101111
0110110
1011010

3
010
000
110

7
1111001
0110010
0111100
1010100
1001111
0001001
0011100

8
11110101
10001011
00001011
01011001
00110001
10001100
00001011
01001100

4
1100
0101
1111
1110

1
1

6
111111
110011
001110
010010
110010
000101

10
1001101110
0001100111
0001000001
1111001100
1010001011
0111000001
0100101101
1000010010
0000100101
0000011111

10
1011110011
0010000010
0000110110
1001111100
0011001010
0000101000
1010111111
0001111001
0110111101
1111001110

8
00000000
01011011
10000011
00111010
00010010
01100000
01100100
01010011

8
00001010
11101100
10010101
11011000
10000111
10010100
11010110
10111110

9
001101110
010100100
111101111
001101110
100111000
100011001
010101011
011111101
001100100

1
0

5
01011
11010
01001
00110
00101

6
101101
001011
111001
110111
000101
011101

5
10001
10000
10000
10101
11010

5
00001
01111
10110
10001
01010

4
1000
0011
1001
1000

8
01011111
11101111
11100010
10100101
11000001
10011011
01010011
11001011

4
0110
1101
0101
0000

2
00
11

10
1110111001
0001011111
0010001110
1001111110
1110101111
1100111001
1010001000
1000011011
0000100110
1100011100

1
1

2
01
10

3
001
110
111

4
0100
0100
0111
1001

7
0011100
1101110
0100101
0011101
0111010
0001010
0101110

6
010010
110110
100000
100010
011010
011010

5
00100
11110
00110
00001
11101

2
10
01

7
0110001
0001101
0101010
0001011
0100010
1010100
0110100

3
011
100
010

6
111111
010001
101010
100111
110101
010000

10
1111101101
0001101000
0000101101
1101001110
0011110100
0011010010
1101110111
1001010110
1000100110
1011111100

7
1100101
0011010
0010101
0100100
1000010
1110111
1001111

1
1

2
01
00

9
100001010
111000101
010110110
010110000
101000111
000000000
000100000
101010010
010011111

10
0110001010
0110010101
1011001010
0100011111
0010011101
0111011101
1001000100
0001001111
0000101110
1110110110

10
1101011010
1001001110
1111101010
1101011000
0100011100
1111111110
0001100110
1001010010
0110101111
1000101101

