877
5
11110
11011
01110
10000
01010

2
11
10

6
001000
110101
000000
010101
110110
111010

2
10
00

8
01001000
11110110
11011000
01000110
11000001
11000010
01111001
00000101

2
11
00

7
1110010
1000110
1000001
1001001
1001100
0101011
1000011

4
1111
0011
0000
0010

9
011001101
111110100
000011001
110010011
011001001
100000110
100100110
110010101
000110110

3
000
011
010

1
0

1
0

6
100101
101110
100110
110010
011111
010111

6
110011
111010
001111
001010
000110
101110

5
01010
10001
11110
11000
10000

2
10
01

7
0001011
1111110
0010111
0001011
1111011
0100001
1000100

2
11
10

10
0100001111
1100000001
1001111111
1010100010
1001011111
1001100011
0000001001
0101110001
0010011000
0110101000

1
1

3
001
010
101

10
0101001100
1001111111
1100110010
0100111001
1110110010
1011100111
0001101011
0100100110
0111100101
0011111101

3
101
101
000

2
10
10

9
110111100
000111111
000110111
000010000
010100010
000101010
010101001
001100100
011101100

4
1110
1011
1000
1010

5
01010
11001
01000
11100
01100

4
1100
1101
1000
0101

7
1110101
1000100
1011100
1111011
1101010
1101011
1000000

4
1000
0111
1110
1101

8
10001000
01111001
00110101
00101000
00011101
10011011
00000101
11100110

8
11001000
11111001
10110111
00000000
01000000
01011000
11000110
01100110

4
0100
0010
0100
0101

3
011
000
110

3
100
110
010

6
000101
000001
000101
111000
111100
101011

8
01100110
10101000
10111011
11100100
00011100
00000011
10100101
11110001

10
0110011110
1001011111
1001011100
0101011010
1100111011
0000010100
1010111100
0101111101
1000000100
0001100100

3
110
101
110

9
100000100
000100000
110000101
111101001
101100001
111001000
001100110
001101111
101111001

10
0111100100
0110110010
1010111100
0111001010
1101101011
0101000011
0011101011
1010101111
1000001100
0011010101

10
1111100001
1000111101
1011111001
1101100001
0111101110
1010110101
0001110010
1101111110
1110100001
0000001000

4
0110
0111
0101
0110

2
00
01

4
0101
0101
1010
0010

8
10110011
11010001
00010110
01001000
10010011
01101001
00100001
00000110

3
101
101
010

8
00011111
01101111
01100000
11000011
11011111
00111010
01101101
11100000

7
0010111
1000110
1010011
1000111
1001011
0101000
1000110

5
10100
01100
00001
00111
00011

7
0000101
0101100
1111110
1101010
0011110
1100100
0000101

7
1100010
1000011
0111011
1111000
0101010
0010011
0101101

1
0

1
0

3
111
111
101

8
10101011
01100110
11011011
00111000
01000011
10101010
11111111
00110110

6
111011
011101
000011
101011
111110
010100

5
10011
10001
11111
10110
10101

8
00010001
11110101
10011101
00011001
10000011
11011010
00100101
01011001

5
10100
00011
00011
00111
01100

1
1

5
00011
01001
11000
00100
10010

9
011001001
111000011
100101001
011001101
010111110
000000010
010110111
110111000
101111101

7
1110011
1101001
1111010
1110101
1100101
1011111
1000000

3
001
000
101

9
110100001
110101011
100101010
101000000
111101001
111000110
110001101
111011010
000110110

9
101100100
111010111
110001101
011011010
010011010
000101101
000011001
101011101
111111000

4
1001
0100
1000
0011

4
1101
0111
1101
0000

1
0

10
1011001111
0011100000
0000111010
0011101101
0101101001
0101000010
0100000100
1001111010
0001110011
0011010111

6
111100
101100
001010
000101
001001
001110

2
11
00

8
00000111
11110110
10101110
11100110
00100010
11100011
11010010
11011101

1
0

5
00010
11000
10001
10111
10011

9
101011010
010000011
000101100
011100110
001111011
101010111
111110111
101110111
010110010

5
10101
10101
11011
10011
00010

5
00000
00001
00111
01010
01011

1
1

1
0

7
1010100
0110011
0000110
0111000
0101111
0000001
0000111

5
10101
11110
10110
11110
11101

7
1101011
1000101
0000110
1000000
0010100
0111110
1110101

7
1000001
1011111
0011000
1000110
1010000
1111000
0110010

10
1010110101
1111010111
1000001100
1100001110
0111100001
1000001111
1101100101
1111110001
1001100111
1111001100

9
101111110
110110101
101000101
000111001
100011101
000100101
101011101
011100011
010011110

10
1001110011
1101100101
0101101001
1111011111
0100110100
1011101110
0101010010
1001100111
0011000001
0001010000

6
010111
100011
010010
010011
001001
001000

1
0

4
1100
1001
0000
0001

9
101000110
000001010
110011111
110000010
101110000
011110110
010001100
000100001
011101010

2
00
10

5
00110
01100
00001
01010
00010

6
010011
100011
000001
110000
100000
111101

7
1101101
0110111
1100100
0101011
1010010
0111011
0000001

6
110111
001111
110111
101101
010100
111110

1
0

9
101011011
011010101
111011011
100001011
011001001
000000011
011001100
111101011
100110101

6
001001
111001
000001
010000
001001
001001

7
0000011
1011101
0101001
0100010
1011110
1011001
0001001

9
101100111
100111110
101110000
101000010
001100011
100001011
100011111
111101100
101101001

8
00000010
10100000
10111010
00100111
00011011
00001000
11100100
00111001

8
01101110
00010100
11001001
10101100
10111001
10010000
00111010
11011110

7
0100101
0100110
1100111
1111000
1011000
0011011
0110010

6
011111
010111
001101
000010
000001
010010

10
1000110111
1101110110
0110011001
0000001101
0110111010
0111111010
1101101110
1110001110
1111001010
0110100100

6
101001
011110
011111
111101
101110
001111

5
01111
01010
10110
10101
00001

6
010101
101001
001000
110000
111011
100010

3
101
110
001

2
10
10

9
001010111
011011111
100000100
101010101
101001100
101010011
101110000
110100100
011010010

2
01
01

3
110
001
101

6
100000
110001
001100
000111
111000
011010

5
10001
00011
10010
11001
10010

5
11001
11100
10100
11101
11010

10
0101011100
1110011100
1101010100
1110001001
1011101110
0000011011
0100010010
0000011001
0110011010
1100100011

7
1101110
0011111
0001100
1101101
0101010
1111010
1100010

8
10110011
10000001
01011000
10011101
00001110
11001100
10011000
01100011

4
1000
0000
0110
1001

5
00001
11110
11011
01110
01001

1
0

4
1001
0010
1101
1001

9
001000000
111110011
111001011
111110101
010001101
010000011
011001111
101111001
100101110

9
110110001
000001000
111010010
001000010
011110110
001111111
110101111
001110001
001010100

6
101010
011001
101111
100000
101111
011110

1
0

8
01011111
11110111
11010011
01011010
10010101
00001101
01111101
01110001

6
010100
001111
100111
001110
001100
010110

6
101011
011111
011100
011001
011001
100110

10
0000011010
1100001111
1101011011
1001010101
0001101101
0011111001
1111101000
0110010010
0000110011
0001010011

9
010100110
100000100
110100000
001011101
100100110
110111111
111101110
010000010
110001011

1
0

8
11111001
01001011
10111010
01010000
11110100
11001100
10101100
11001000

8
10010111
01111100
10111111
01111011
00101111
11100001
11110110
01101110

5
00001
10101
10001
11100
11001

7
1000001
1101110
0110101
0100010
0001111
1010111
1011101

3
001
000
000

1
1

4
0110
1110
0010
1011

6
101010
001110
111000
000100
011111
101010

4
1001
1100
1010
0111

4
1111
1010
0001
0101

2
00
11

2
11
11

8
01000000
11101101
10001111
10110000
10001100
01101010
10001000
00100100

9
100001110
101011001
011010111
001000001
011011111
001100100
001100011
010110011
000001000

1
0

6
011101
100100
001110
000000
111101
100100

10
1111011011
0110000111
1111001010
0010010100
0011110100
1000110001
0000111011
0111100101
1101110100
0001100101

7
1010101
1101011
1001111
1111111
1111101
1100011
1011001

4
0011
0011
0011
1100

10
0000011010
1000001011
0001111011
0110110100
1000101011
1010010000
1110011010
1001010011
0010010101
1100010011

10
0010001010
1111010011
0010101110
1011001111
1000010010
0101110011
0100011100
1010101000
1101000010
1111011010

7
1000101
0101011
0101000
1101110
0010111
0101010
0001100

10
1010011010
0100101100
1011101001
0101111101
0001010111
0011110101
1000100100
1011111100
1111111001
0011001110

8
00100101
00001001
01110001
10111100
01000000
11110010
01111010
01110100

2
01
00

2
00
00

4
0011
0011
1100
1100

8
00011101
11010111
10010110
00100000
11100100
10001110
10010101
10000100

2
00
10

3
110
011
110

1
1

9
101011011
100001010
001110010
000111001
110010010
101000000
001100011
001101000
000111001

9
011101011
100111010
010100100
010110101
011010011
010111011
001111011
010111001
110001111

4
0111
0011
1000
1010

4
1101
0110
0000
1000

10
0010101010
1001111101
1110111101
0011101011
0110101000
1001100100
0010110011
1111010111
0110111101
0011100010

1
1

4
0010
1011
0100
0001

4
1110
0001
0000
1011

2
01
01

8
00000111
10100111
01011100
00010010
00011010
10000111
01000000
00101010

8
10101101
11011110
11000010
01000011
10110001
11110101
01111000
11100011

4
0110
0110
1001
1110

5
11001
00000
01000
10111
01010

10
0000100001
0111010010
0000111010
1001111100
1100001111
1111111111
0111010011
0110111010
0111101010
1010100110

4
1111
1111
1001
0000

2
00
11

4
0101
1100
1010
0011

1
1

8
10000110
00110111
01101000
00001100
11010100
11001111
10011001
11010100

9
011111110
100011111
111101110
111111100
000101100
010110011
110111101
100100100
111111010

4
0000
1101
1101
1001

1
1

8
00111011
11110111
00100011
11000111
10011101
00110110
00010000
01000000

8
01010110
01001000
10100011
10101011
01100000
11100100
01000010
01101101

9
001000001
111010010
010110110
101010100
110101110
001111111
010100000
101011110
100100010

4
1010
1101
1100
0101

1
0

4
0100
1110
1111
0111

6
101110
011111
110111
100101
001011
110010

1
1

6
011001
011011
001111
000100
100000
011011

9
100010011
110100110
000101011
001001101
100100110
101001010
000101010
110000100
000111101

6
010011
010110
100101
010101
111111
110001

9
111110001
010011100
100101110
111011010
010001001
010111010
010001101
000010000
111010000

1
1

9
010100110
010001000
111011011
010001101
101010011
111100011
110010011
010101000
001010100

8
00111111
00000110
00000011
11111000
00010111
11000111
10100010
01011101

4
0111
1110
0010
0011

1
1

3
110
011
010

9
100110000
011100010
100000100
100001110
101111011
100111110
100010001
100110100
001010100

5
10101
00011
10110
01101
11101

6
101000
011101
000010
111011
001000
111000

9
011110000
000000111
011010100
101111000
011010100
011010001
101011101
011111010
100010000

4
0010
1011
0101
0110

6
001011
100010
110000
110001
101010
111001

5
00001
01001
10010
00111
10110

4
0000
0110
1011
0111

1
0

8
00100110
01101011
11110100
01011011
11000100
11111010
01001000
00110001

5
00111
11000
10101
11010
00110

10
0011100110
1010011101
0111111001
1011101011
1010001110
0011001111
1000100110
0111100001
1001110110
1100010011

1
1

1
1

10
1000101001
0000011100
1100100001
0110000011
1100011000
0001101110
0010010001
0001010000
0111110110
0000100000

4
0100
0110
0101
0110

1
1

10
0000011101
0110010101
0001001111
1011101100
1110001010
1000111011
0010011111
1010000111
0010101001
0001011011

2
10
10

7
0001001
1001110
0101100
1001001
1001110
0010100
0010010

9
000110001
011010101
110011011
111101011
101011001
000100000
111001110
001110111
000100110

7
0011100
0001011
1011010
0010110
1010010
0010100
0011000

9
100010001
010111101
101000110
010100110
111000000
000010011
101110100
001110010
111011101

7
0000010
0010001
0100010
1110100
0011010
1000011
0101111

2
11
11

8
01111000
00100110
00111011
11101101
01001010
11110100
01111111
00010000

6
101001
111001
000011
010111
101011
001011

4
1101
1101
0010
1001

5
10100
10011
11001
10011
00101

3
011
011
100

1
0

10
0111011100
1001001110
0011110000
1000001110
0100001101
1001100100
1110001011
1001001000
1110000010
0101101011

9
000010110
010000111
110011101
011111111
111100101
100010010
111100110
100011100
101001111

4
0111
1000
0011
0011

5
11001
01111
01011
11000
00010

3
011
000
010

8
11011011
00010011
00011001
00000101
10100011
00100010
01101110
01110110

4
0010
0110
1001
1010

6
001000
111000
101101
110010
101100
000011

6
010000
100001
000100
110001
111010
010000

8
11110011
01010110
00101100
11011110
11011110
10100110
00101011
10111000

2
01
00

9
011101110
111000000
100100111
000010010
000110011
110011110
101001100
111001101
110011111

9
111111011
111111010
111110101
011101011
100111010
101110011
111001011
010110110
011100010

8
11101110
11101101
00000110
11001111
00011111
00111100
10101101
11001111

7
1110110
0010101
0100011
0011111
0100001
0001011
1000100

6
001110
001000
011100
101100
011000
000010

2
10
01

1
1

4
0101
1010
0010
1110

4
0000
0011
1110
0001

5
00011
00011
01101
10110
10111

6
101000
000100
111011
110100
000000
111001

6
101011
011110
101011
001101
100011
001101

4
1111
0111
1001
0010

5
01101
11100
10011
11011
10000

10
1100110001
0111110111
0010100111
0011101110
0010111010
1110010010
1101111001
0001101101
1011111000
1001010001

3
101
011
000

2
11
01

1
1

7
1101101
1101110
0011101
1100101
1011110
1110011
0110001

5
11000
00110
01110
00011
11100

8
00101110
00101010
10111011
01001110
10111101
11011100
11001111
10110010

7
1011000
0001010
1111110
0010011
1010100
1101011
0001111

2
00
00

1
0

4
1000
1100
0111
0110

8
01011111
10011101
11001011
10010100
10100011
01110101
10000110
10101101

2
10
10

9
001010101
001001001
000000100
111101001
110111111
101100101
101000000
011000100
100101000

2
10
00

1
1

2
10
00

10
0011101111
1101110000
1101111100
1110000010
0000100110
0100100110
0001100010
1010000001
0101100110
0011110000

9
110011001
000110000
001010111
111001100
100100001
011110001
111111110
100111101
111110100

8
11111010
10011000
00101010
00101110
11100011
11011110
11100110
01100011

8
10000001
11101000
00101010
11111011
10001011
00011110
10110100
11101011

1
1

1
1

6
111100
111101
101001
010001
111100
110000

10
0111011101
1010001111
1010011000
0111100010
1001111111
0011000101
0011001000
1000110100
0111001001
1110001111

1
0

2
01
11

3
000
001
010

4
1110
1100
1110
1100

9
111111011
110001011
111100010
100000000
110001111
101001111
101011010
111101011
010000101

6
100100
101010
100110
101111
010011
001000

9
011000001
011101101
000000001
010111011
101100110
010000001
110101010
001110001
001001001

2
10
11

6
110110
001000
111011
010111
001111
100000

5
11101
00111
01111
11111
01000

8
11111110
01110100
11100111
10110110
11001100
01001001
01111000
00111011

4
1100
1010
0101
0111

4
0010
0010
0001
0000

4
0110
1000
0011
1000

5
11101
01110
11101
01111
10111

6
100000
110101
000100
110100
000110
100000

4
1100
0000
1011
0101

4
0001
1010
0111
0100

8
10010101
11011111
10000110
01111100
00101101
00100101
01011111
01010111

9
000100011
101001010
000100000
110101011
101111110
101101001
010101010
100110101
110110010

3
101
011
011

3
000
101
101

5
11000
01110
01110
01011
01011

2
00
10

8
01010101
10110100
11100000
01010001
11000011
00100111
11100110
00011011

4
1000
1011
0010
0111

8
10110010
01000001
11110011
01011111
10000011
10000001
10100101
10110110

10
1111010100
0011010000
0111100111
1100100000
1010010101
1110011111
1011110000
0111010000
0101101011
1001111000

4
0111
0010
0001
1010

1
1

10
0101111110
1010000110
1000010110
1001011101
0101111101
0000110010
1001000100
0010111111
1111000000
1011000110

7
0110100
0100010
0010100
0100010
1011100
1010011
1111100

2
00
01

2
11
10

2
01
11

10
1111111111
1101000111
0011011010
0100000110
1101100101
1001100111
1011110011
1010001111
0010110111
1011101010

9
100101110
110100100
010001000
100000001
111000001
100101101
010010110
100011110
001111010

4
0001
1011
1110
0010

1
0

8
11000000
01000011
11101111
10110011
00001101
00010001
10110100
10110101

1
0

8
11010100
00101000
01001011
01101111
01001100
00111100
01010101
00111111

8
01001111
00111000
00011110
00111100
11110111
00111011
11011000
11101001

4
0101
1111
0010
1001

7
0101010
1100111
0011100
1010000
1010000
0111110
1100000

9
010010100
000010101
110110000
110011111
010101011
101011101
000011100
011000111
011100001

6
111110
110011
101000
110101
100111
110001

7
1000001
1001100
1101001
1100100
1110001
0011101
0111111

4
1000
0010
1011
0001

1
1

10
0001101110
0000100010
0110111100
0101101010
0110010010
0111010111
0001110100
1100110001
1111100110
1110100010

9
101011100
000011101
100001110
011110000
111101100
100101001
001101110
100001110
000110001

6
000010
011111
100100
100011
110001
110101

3
000
101
100

3
001
011
111

4
0001
0011
0001
0010

10
1011100110
1000110100
0000110010
0110010111
1110110011
0111001100
0010111100
0010111010
0000010100
0111101100

5
11111
10000
11101
10011
10110

2
00
01

9
000110001
000010001
010111101
101111011
110111111
001111111
010101110
011001111
011011001

1
0

2
10
01

8
00010001
11101110
01000010
11110100
10010001
11111011
00011100
00011000

9
101010111
010111000
100111101
111110010
111001101
111110001
101000010
000000000
111110100

1
0

9
011110110
010101110
011100001
001001010
000001010
000111010
001101001
111011111
010100110

2
00
00

7
1110011
1001010
1001100
0101000
1110100
0010001
0010111

10
1111001111
1000001110
0111010100
1110111111
1001111001
0001000101
0010000011
0011100001
1111010011
0111110010

9
111011011
111101111
000111000
001011110
010100110
111010100
011011101
101001100
011011100

10
1100110101
0011101010
1101110011
0001010101
0110100110
1111000111
0001000000
0111101000
1000111111
1000000010

1
0

4
1111
0101
0100
0010

2
10
10

3
100
000
110

6
100001
101001
011000
101011
100111
101111

7
0111110
0101000
0011111
0001110
0010110
1010001
0001111

7
1101010
0111010
1110001
0110000
1110101
1101001
0001100

8
01001010
10100010
00010101
01011111
10110101
10001110
00111111
10111001

6
000000
111110
110101
110010
000011
010000

7
0001010
0011100
1001111
1010001
1111011
1100000
0011101

2
11
10

5
10111
11011
10001
11010
00011

5
00111
01001
00000
11001
11001

1
1

6
101100
101001
000100
010011
010011
011000

8
10100111
00011111
01001110
00111110
01010101
01011111
10110000
01110110

9
001100101
000100110
110000101
000111011
100101110
000101011
101101110
111110110
000011001

7
0001110
0000001
0010101
1110100
0110000
0001000
0011001

7
0100110
0001100
0110001
1100011
0101110
0110100
0010010

2
11
01

1
1

10
0000000011
1010000100
0001111000
0100101010
0001101100
0011100111
0110101001
0111011011
1001000001
1111110101

8
01110100
00001010
00100011
11010000
10000100
00000001
11101010
11011010

4
1110
0001
0001
0010

7
0100001
1000001
1011011
1101011
1100111
1101110
0110010

7
1101011
1011000
1111110
1111001
0000110
1010100
0000110

4
0000
1101
1111
1000

9
100010000
010001001
010100101
001010001
010010101
111010001
011111101
111111101
111100100

8
01000001
01010001
00101110
01100101
00111000
10100100
10100011
00000000

7
0111011
1000011
1110011
1011000
0101100
0010111
0001011

2
10
11

10
1011000101
0001100111
1111100111
1010101010
1000111101
1111011001
1100010010
0101110100
0010100100
1110010001

1
0

4
1011
0001
0000
1011

2
10
10

5
10010
10100
11100
00110
11001

3
100
001
001

7
0101000
0010010
1010111
1101010
1011000
1000010
1110100

5
00001
01000
10000
10101
11100

3
101
011
100

3
100
111
101

10
0111110011
0110110001
0110110011
1100100110
0110011001
1110101000
0110010011
1100110000
0100001010
0000100010

9
010011100
011001010
100010010
011101000
110100001
001001100
101001100
010001010
001101000

2
01
11

3
001
110
010

2
11
00

1
0

6
010100
000100
101000
100101
011111
110111

2
10
00

1
1

2
01
01

8
10100001
01011111
10110010
00001000
11010111
10010011
11100101
10101001

1
0

4
1001
1111
1001
1001

6
000111
000001
010100
100001
111111
100101

5
10110
11011
10111
11101
11100

10
1111111000
0010000000
0010000001
1000011010
1111011101
0001101010
1000011000
0001100000
1100011110
0011111101

8
10010110
01000101
01010000
11001110
10111001
00110101
00001010
10110111

9
000110110
110101011
101111000
101101001
101011111
000010001
101110010
100010001
010100010

4
0111
0110
1000
1010

4
1111
1110
0011
1000

4
1000
1001
0000
0101

7
1100011
0001010
1100010
1011111
1111100
0001011
0010100

8
00010010
01010100
01101010
11001100
10001110
00011000
01111001
01010001

5
10000
01000
00101
00001
11011

1
0

5
00101
00001
10010
01100
10001

2
10
01

10
0100101100
0011100111
0010100101
1011011010
0110011110
1111011101
0100010010
0010010110
1001001100
0100100000

3
100
110
011

5
00001
11110
00110
10011
11001

10
0110111001
1111101011
0110101010
1010111110
0001001010
1000111110
1110001011
1000100111
1011100101
1111000010

8
11111010
01011101
01000010
01110100
00011000
01011011
10001011
00100000

10
0110001010
1110010101
0011010000
1110010101
0100101110
0100111110
0101011011
0011000000
1110110010
1100100011

1
1

7
0111001
0101000
1000011
0011011
1000101
1010010
0001110

2
10
10

8
00101110
00000110
10010000
11100111
00100000
11110111
01110110
10000011

7
1111001
0101000
0010101
1000011
0001100
1011010
0110100

2
11
11

6
000110
111111
011101
101111
010111
111001

1
1

3
110
000
001

8
10111011
10100111
10101101
01001001
11010111
01111001
01010100
11111000

9
011100001
101001101
110000000
110010110
101101000
111111111
001100101
110110111
110101101

6
000001
100011
110000
101111
011000
010110

1
0

6
100100
011111
010010
000000
000101
001111

4
1100
0001
0000
0111

5
10110
01001
10000
11101
01111

3
001
110
001

5
11100
01110
00001
01100
01101

2
00
10

3
010
110
110

2
00
10

2
01
10

10
1101010101
0110111011
1111010001
1000011111
0010101001
0111110001
1111011110
1000100000
0101111011
1100000110

3
001
010
100

5
00110
11000
10010
10110
11011

6
101010
110101
011001
010001
010000
100001

10
0101000101
0001011111
0001110000
0101100011
1101000001
0100001001
1110100111
1111010110
0100011101
1011100101

6
110011
110110
111011
010100
100100
100111

9
100111011
100000000
001010101
110101100
111001100
110010000
110001000
000110011
001011001

2
01
01

5
00101
00101
00111
01010
01011

1
0

7
1011000
1101010
0110110
0111001
1011110
1110011
0111111

4
0111
1000
1100
0110

3
101
011
011

6
000110
010110
101001
001000
110101
110110

9
000111110
000001010
110000001
001101001
110001010
100010100
000110000
000100100
000010111

7
0101000
0000110
0011100
1110001
0111111
0011111
1110101

5
11010
01000
00000
10110
11010

10
0110110001
0010100110
1111011100
1110011001
1000110011
1101001011
0111010010
1001111011
1011010111
1110100110

9
110000011
100010000
001011101
111110000
011011001
011010100
101110101
101001001
001111011

7
0011101
1010010
1011111
0010110
0011001
0110010
0100011

2
11
10

2
11
10

1
0

1
0

3
101
010
000

4
1000
0000
0110
0111

5
11010
11010
01000
11001
11100

10
0010001111
0001001111
0100001010
1010011000
0010011111
0000001010
1101111010
0010011111
1000000001
1000110011

6
110001
000001
001001
101101
000010
001000

7
0101101
0000000
0010011
0001001
1010110
1000010
1000110

8
11110010
01100101
10101100
11010100
00100101
00101001
10111111
10000001

9
111100111
001111011
001000111
110010111
001000000
101111010
000000011
100001100
000101111

1
1

8
00010010
10010000
00110111
01111001
00100111
00110011
11001100
01000101

10
0011010011
1010000001
0000110101
1100000011
0010100110
0110010101
1110101010
0001101000
1111100110
1010110000

10
0011101111
1100000011
1101011111
0110001110
1010101110
0001011001
1001110110
0111010101
1001110011
1010000101

9
100110010
110000011
101001000
110001001
100100110
111000100
100010100
010000010
001111110

6
001101
110001
111111
101001
101001
111110

8
01101000
10100000
11011101
10111101
10011101
00111001
01001111
01010000

9
100101111
000100010
011000100
111111011
011000001
001110010
000100111
110111000
101000110

4
1111
0100
0011
0011

8
11111100
11000101
11010010
10011100
11101100
11111100
10001010
01111111

6
111000
100011
100000
111001
101010
100111

10
1000110100
1010011110
0110111110
1001000001
0110100010
1100111011
1101100000
0010011111
0011100010
1000100110

5
10001
11000
10101
00011
11011

1
1

8
00111010
11110110
10000011
11111111
10001001
00000010
00001101
00111011

1
0

6
000110
111110
011111
110110
011111
101100

6
011101
101100
101000
010010
011110
011010

8
11010000
10011111
01011011
11001100
11001001
01100011
11111110
10101110

10
0011000101
1001010001
0101001010
1111111000
1101111011
0001011101
1111011010
1001000111
0101110010
0100110110

1
0

10
0100010011
1001001110
1110001110
0111000001
1011001110
0100011100
0000110101
0001001100
1000100100
0011000111

5
01001
11000
01001
00000
00101

10
1011101100
1011011001
1011110001
0000011100
0101110001
0010011001
0001100001
0001010101
1010110101
1000001100

5
00011
01000
00000
11111
11011

7
1110000
0011000
0101001
0111101
0101001
1111000
1100111

8
11000110
01100100
10100101
01110100
11101110
11010110
00001001
00100011

2
00
11

10
1010000011
1111001011
0001100100
1100101110
1000111100
0100000110
1011100000
1110110110
1101110101
1101000000

3
110
001
001

2
00
01

9
101111001
010000100
010100001
101101101
001000100
001100101
010111100
000101010
101010111

9
110011111
110010100
000111000
111000001
011111100
111010100
001111000
011011100
010010011

7
1111001
0100011
0010101
1100001
0111111
0010000
0011101

4
0000
1010
1100
1110

4
0000
1010
1100
1101

4
1110
1110
0101
1010

5
11011
00011
00111
01100
11100

10
1100000110
0100110110
0100000000
1101010101
0010111111
0101010111
0111111000
0001001011
1010011100
1101000001

3
010
010
000

7
0111011
1110000
1011101
0010110
1000010
1111000
1100110

3
011
110
001

1
0

4
1011
0010
1101
1010

3
100
001
100

7
1010001
0110000
0110111
0011100
1111110
0101011
0000110

6
010010
100111
111000
110110
011110
110110

9
110011001
000100000
110111001
100001101
000101000
001010011
011100000
001011011
001000110

8
00011010
10110101
11011101
00000101
01000101
11100000
01001111
01111001

10
1100001111
1011111010
0010001100
0000110101
1001110100
1101000110
0010111110
1011110101
1111100010
1111101101

1
0

7
1110101
1001010
1000000
0011001
0111101
1111011
1110101

2
01
11

7
1001000
1101101
1110000
0101011
1110010
1110011
0011101

9
000000011
011011001
101001111
001011101
011000111
001110110
111100110
111011101
110111100

6
011101
100100
101000
111101
010110
011100

6
100011
100010
110001
001010
101100
011010

9
011000001
001110000
110110010
001111000
001001000
101101010
011100101
011110010
111111100

9
100101101
110001101
001111001
010110000
100111010
111000101
100000000
010101000
100100101

2
10
11

9
100010010
110011101
001111111
010101010
110010001
110011010
100010001
011000010
101000000

4
0000
0000
1011
0000

9
100101110
001101000
101100100
001101101
000111000
101001100
001011000
001100001
011111010

1
0

10
1101000100
1011110100
0101001010
0010101110
1110101111
0100111111
0001001011
0100000111
1111111101
0001110110

4
1000
1001
1000
0001

2
00
01

2
00
10

8
10100110
10111110
11000010
00100000
00100011
01010011
00011010
11111001

3
000
100
001

5
00010
00001
01011
10110
10011

2
00
01

2
11
10

10
0100110100
0010011101
1101011100
1100111011
0111111011
0001010101
1100000111
1101011010
1001011101
0010100100

10
1101101111
1010011110
0000100000
0111010110
0111001001
0100000110
1001001011
0111111011
1101110110
1111001110

9
011001001
100100110
000101110
011000001
101011000
100110101
010110011
000011111
101100010

2
00
00

6
011011
101001
001101
010111
100101
011111

10
1101100001
0111101111
1000010110
1101011000
0000011010
0010101011
1101010110
1010010101
1011001111
1001010011

3
011
001
010

2
10
01

7
1100110
0110011
0111000
1000010
1000111
1111111
0111000

3
010
000
111

10
0010001111
0111100100
0000100010
1011100100
0101110010
1111010010
1100011010
0110011010
1010001110
1111011011

8
01101001
01101110
10001001
11000101
11000110
11100001
11101100
00100001

4
1100
0010
0101
0101

10
0101011000
1000000100
1101101100
1011110001
1000110110
1101100110
0001010100
0001110001
1001111011
0010110111

10
1101010000
1011001110
0100101000
0000011110
0110100111
0101111011
1111010100
1010010000
1110011010
1100010011

10
1111010110
1110000100
0010111011
1011000101
1101100101
1010010000
1100011101
1111001100
0101101110
0100100111

7
1101000
0001000
1000110
1111000
1001101
0001111
1100010

9
110001101
010001101
000001111
100110111
111101010
101101001
001011000
010010000
001001110

10
1101001111
0011111011
1101111100
0001010101
0100001001
1010001110
0100101100
0100111011
1000000010
1100011001

10
0100001111
0101101011
1111110100
0110110100
0000111100
0111011011
0000010101
0010110100
1011100000
0110000010

4
0000
0101
1011
0010

9
010100110
000000110
100010001
110010110
100111010
111100100
100010001
111100000
010010110

5
01101
11000
01110
00001
11110

9
111011000
111011101
011001011
111101110
110110010
111000001
111101110
100111110
000011010

1
1

9
111101010
111111011
100011001
000101101
111110100
011001101
110001011
100101101
000111111

7
0010000
1101110
0001110
1001001
0010101
1101101
1110000

6
110101
010011
100001
101100
111111
010011

3
101
111
111

4
0001
1100
1001
0011

2
00
01

3
110
100
001

5
01010
11000
10010
10110
00111

4
1110
0001
1101
0101

3
100
110
000

2
00
10

7
1011001
1100111
1111010
1011000
0100110
0000110
0100000

9
010111001
111111000
111000100
011011010
110010101
010101100
111110111
011000111
111010100

2
10
00

5
10101
00111
10000
01111
11100

10
0110001010
1000100100
0011100001
0100100111
0111100000
0101110111
1000110011
0101010111
0000100111
0011001000

10
1001101000
0001010111
0111011000
1000110001
1111100110
0111101011
1001000110
1001000111
0101111110
0000000010

7
0110000
1010111
1110000
1100001
0000111
1100101
0011100

2
01
10

9
000010010
100110010
101101111
011100100
000101010
111111101
011100101
010101101
110100010

5
10110
00100
11010
01110
10101

2
01
01

2
10
00

10
0010001011
0101000101
1111000010
0000100010
0101010001
1101001010
1101001111
1101011100
1100011000
1011110010

10
1011010001
1011000111
0110000011
0011001111
0111011100
0011100100
1111111101
0011110010
1011001000
1111010110

6
100101
000110
111000
010111
111110
000010

5
00100
00010
11101
01111
11000

9
001111010
100001110
011111100
010011000
010001110
111000101
110101001
010111001
011110001

2
00
11

2
01
10

5
01110
11010
11001
00011
00110

5
11100
01010
00011
00100
11010

5
01111
10110
11100
10101
01101

1
1

5
00110
10001
10101
11010
11101

6
000110
101001
101100
110100
111010
011010

8
00110110
00100111
10011011
01101100
10111010
11101100
11011101
01011101

6
010100
100001
000101
001000
111001
111001

10
1111101010
1111001010
0111110011
1000010001
0111001100
1011010000
0111001101
0111111100
0101110110
1010000001

7
0110100
1011010
0010110
1100011
1111110
1110001
0101101

4
1100
0011
0111
0010

10
0101100010
1011110110
0001000011
1010000111
0110001101
0010010111
0101110001
1100111101
0100001111
0010110101

7
0101010
1000011
0110000
0110111
1001010
0010000
1000110

10
0000110110
0101110011
1011111100
1001100110
0100100110
0110010011
1111000000
1100011010
1010100000
0111101010

8
10001100
00001100
10000010
11011010
11010000
11100010
01010101
10110101

5
11010
10110
00111
01111
11010

4
0110
1000
1110
0110

1
1

3
010
011
001

10
1101011001
1110001101
1011000011
1100110010
0100101001
1001000111
1110111110
0101101001
1110010011
0110101101

4
1100
1110
0000
1100

7
1011110
1000000
0010011
0011001
0011011
1111001
1100011

4
0110
0100
1000
0011

9
101100011
001010110
111000001
010111110
001101100
111101011
010111100
011111001
011000100

6
010000
111010
100010
110111
110111
001101

2
11
11

4
1100
1100
0010
1000

4
1111
1000
0101
1000

5
00100
11000
11011
00000
11101

8
11011000
00010111
10010111
00010101
10110000
10000101
00111101
10010101

3
110
101
111

4
1101
0001
1000
1110

3
110
001
001

9
110101001
101100110
000000000
111011101
011001001
010001110
011010000
001111010
011101000

9
100111101
001010101
001001111
100011000
101010100
111111101
001011010
001000111
010111010

2
01
00

2
01
01

1
1

7
0010010
1111011
1000000
1100011
0101111
0100000
1001101

2
11
11

3
001
110
111

5
11011
10111
11110
10011
01001

2
00
11

6
001011
011001
001100
110000
001010
100000

10
0001110111
1001100001
1001101011
0101110001
0001101110
1101111100
1010110100
0101101000
0010100110
0011001000

9
011111010
000111010
000000010
011111110
010110111
000001101
101111110
001101110
010000100

5
10011
01001
10000
10101
01001

10
1101111110
0001000000
0010101001
1100010110
0001101001
0100000010
1000010011
1111010010
0100100011
0100001000

5
10010
00000
00110
10110
11001

1
1

8
00110111
01100111
01110101
10010010
01001100
11001000
11101010
01011010

2
11
10

5
00001
11111
10010
00011
01111

5
00000
00100
10110
10110
00011

5
11010
00000
01011
10000
10011

8
11101010
00100100
01100010
01100000
11011101
11010100
01011100
01010101

8
00101010
10110011
01010111
10111001
01010001
11011000
11100110
11111110

9
100001001
110100110
101110100
110010001
101101111
100010110
011111000
001001001
011001000

7
0101000
0110011
0100010
1010011
0101111
0000010
0000000

6
111101
011000
001111
101101
100111
010011

9
101100011
011111111
001110101
110110111
011100111
010110110
001110100
000000111
101000001

10
0011001011
1010110000
1010111000
0011010000
0110010011
1010010011
0000001101
1010111100
0111000001
1100001111

4
1001
1100
0110
1111

6
111100
101000
100000
001011
001001
000000

10
0011110000
1101001101
0111011111
1110010000
0110010101
1000101111
0000010100
0010000010
0001010000
0110010010

8
00100110
01111111
11011101
11011000
11011100
01001000
00001101
11011001

7
0100010
1101011
1000001
1000101
1011100
0111100
0110100

9
011111100
100001100
011011001
100101101
011001100
001110101
100110011
010101011
000000000

10
1010010101
0001100110
0001000100
0011111101
1110111110
1110110100
1101011010
0111010101
1000000001
0100010011

10
1010011001
0100010000
0110100110
0101110010
0011110101
1000010010
1011000010
1111110011
1101011011
1010111001

10
0011100000
0110101101
0000100001
0001100000
0110100010
0000110110
1001110110
0110101010
0111000100
1110111100

9
100100000
010001100
001111010
110110111
100111101
101111011
110010000
010001001
111001101

1
1

1
1

6
111000
111000
101011
111001
101100
011110

2
11
10

2
00
01

8
10010101
01011101
10011111
11100010
11001110
10001101
10101011
01001010

4
0111
1100
0001
0101

4
0011
1011
1110
1011

3
100
100
110

4
1011
1001
1010
1011

9
110011100
000100010
101111011
111111110
010101010
111000110
010101011
100111110
111111101

5
10000
00011
01000
11111
10011

2
01
00

9
101111101
110100100
001101000
111110001
001101001
110011100
011010101
011010010
000000000

4
1101
0101
0100
0110

7
0111000
1001001
1101011
1011010
0101010
0001111
0110100

7
0000111
0101010
1110110
0100111
0111110
1100111
1101000

10
0111001011
0110110010
0011110000
1100100010
0001000110
1100100100
0111000100
0001110110
1001011011
1011110111

9
101000100
001010011
101101101
111000001
000101000
110110010
011110000
111001001
000010000

9
100100000
001010011
100010010
110000111
010010100
111011011
000010011
000001010
010100011

8
01110010
01100001
01010000
10011101
01110111
11001111
00101010
10110111

8
00111110
00101000
01110101
11010000
00010100
01101100
10011010
10111111

7
1001011
1000100
0101011
1010100
1101100
0001001
1110011

9
111110000
001000100
101000010
100101100
110111000
111000010
011010010
100001011
011101110

3
000
001
000

10
1001010010
1111111011
1101111100
0110010110
1101001110
1101010000
1000010000
0000000010
1011111010
0010011010

7
1011100
1101111
1101001
1111011
0100110
1010001
0010110

8
11000001
10000001
10100000
00100001
10001001
01101111
11101001
00101101

5
10100
10001
10000
01110
11011

8
00011010
01110101
10110010
11111111
01100010
10111110
10001100
00110100

2
01
01

9
110101101
010010001
111011111
111101010
101111110
001100101
010110101
111111110
001100001

9
111101101
010110111
111001111
001110100
100101100
101010111
111101001
100110110
110100010

2
01
10

8
11101111
01110101
00100011
11010000
11001111
10001001
00001000
10011011

8
00101110
01011101
01110001
01011010
10101011
00111100
11000010
10011001

5
11101
11111
10110
00111
11010

5
00111
10111
00001
10110
00100

2
11
11

2
01
00

4
0001
0011
0101
0111

1
1

1
1

9
101001010
011110010
011000011
001011011
011101111
001111001
001111100
110111110
111111010

4
1110
0000
1111
0101

1
0

5
00110
11001
11000
11111
00010

10
1000000000
0101111001
1101010001
1000101101
1100100111
0110000001
1111110010
0101001001
1100101010
0010011010

7
1101010
0010101
1000001
1001010
1101101
1101110
0010110

9
110111001
101110011
010001011
001000010
000001011
100000110
111010000
011001111
110101110

1
1

4
1000
1010
0010
1000

1
0

7
1010001
1011111
0000010
0100111
1010111
0000001
0000010

2
11
00

5
01101
00111
01100
00110
11011

5
10100
01001
01110
11100
00100

8
01111000
11100001
11111101
10101001
11100100
01101101
11111010
01110011

3
101
111
000

2
00
10

3
010
011
000

9
110101001
001000110
100101011
001100110
001100111
000001101
101111001
011101100
101011010

4
0111
1111
0010
0000

10
1110101010
1011111101
1111110000
0000010010
0110011011
0011011111
1000101110
1100001010
0100011001
0010110010

8
01010111
01010100
10111101
00000000
10111000
11000001
10010000
01011101

1
1

5
01111
10101
11010
01011
11011

6
010101
100000
010111
110111
100001
011010

4
1110
0001
0010
0011

8
01100110
10000101
01100110
10001100
00101000
10110000
10111010
00011111

9
010011011
111111110
010100001
110100101
000111001
011110100
010111110
001010010
111101111

1
0

5
00100
10010
01000
01001
11010

9
111110000
110001100
010010010
101010000
011111011
101101000
101001010
010110101
010000000

3
111
000
011

4
1000
0111
0010
0111

1
0

9
000010011
011000010
001110100
001100001
001011110
011001001
010011101
100000101
011001010

3
010
010
000

2
01
00

2
01
10

3
011
110
001

1
1

10
0111000010
0011110001
1101101000
1100111000
1000101101
0110101111
1001011011
0001011110
0000001011
1010110010

4
1000
0101
0101
0111

3
111
001
010

6
011011
010011
111100
000001
100111
111100

7
0110011
0100011
1111100
1011111
1111111
1001110
0011010

4
1001
1111
0001
1010

8
11010101
01101110
01111011
11010100
11100111
01110101
11101111
11001011

2
01
00

10
1111001111
1000010010
0101011010
1011100011
1001000011
0110111101
1101111010
0010001111
0101000110
1000100110

9
001100111
100111100
111001011
001100101
011001011
000010000
111111001
110111110
000010110

3
100
101
010

6
101011
110001
101111
100101
110001
111100

3
100
100
111

2
01
00

2
01
11

6
011010
011100
001101
000010
010101
001110

2
11
00

9
001101000
000100011
110100011
001010000
001011100
000101111
110011111
011100101
000000111

4
1010
0111
0010
0111

1
0

6
000011
001111
010110
011101
101010
010000

2
01
01

10
0010101100
1011001001
0011011110
1011010100
1010010011
1001111001
0110101100
0001000001
1101011111
1110100011

9
000011111
111000010
010011001
010101001
000011011
000111111
001011000
001010111
001101110

4
1000
1100
0110
1010

1
0

10
0011010101
0111101100
1111000001
1001100010
1100010011
1110100100
0010010011
0011001101
0001100011
0011001110

2
00
00

6
110011
110001
111010
101101
111001
111010

4
0100
1101
0110
1010

3
100
001
000

9
000011001
111001100
110001000
111110101
111010001
011100011
111001000
100000111
110101100

2
01
01

3
000
001
001

3
000
010
101

6
010101
100101
000101
011001
101101
000001

1
1

7
1100011
0001111
0100101
0101000
0100011
0011011
1000000

7
1110110
0000010
1100000
0011101
0000010
1110001
0101111

2
00
11

1
1

6
101000
001010
100110
000100
100100
111000

5
00011
10000
10100
01010
10110

4
0000
0100
0100
1111

8
11010000
01001101
10101000
11100011
11101110
00010000
10101110
00101001

2
01
11

3
001
100
011

3
101
000
010

7
0111000
0011101
1010111
0001100
1001100
1001100
0101010

7
0101011
0101100
1101010
1101110
1011010
1100000
1101000

7
0001110
0111011
1101001
0100000
0111100
0100101
1001000

9
111001101
001001101
110010100
110101101
011101010
111111010
000010111
111100101
100101110

1
0

5
10000
11110
00000
00100
11100

8
11010011
00100101
00011000
11011010
01100101
00111100
00011001
10101110

2
00
01

8
10001000
11001000
00110011
00001111
10001010
01001111
11111100
01101000

1
1

8
00100110
11011101
11110110
01111011
01101111
11000001
01100101
10001100

2
11
10

4
0011
0011
0111
1110

2
10
00

10
1001010100
1101101001
0010110010
0010110101
1011110111
0110111110
0101001100
0110101010
1000001001
0000010010

5
01000
01000
10100
00001
11001

10
1010100010
1000100010
1000010100
0100111111
1100001101
0101010000
1011110100
0111001011
0000010101
0001100000

9
000110100
101100111
010110011
000011100
111100101
100011001
100101001
101111011
010001001

4
0010
1011
1011
1111

2
10
11

8
01101110
00101101
10110110
00000110
00110001
00001111
10111110
00111111

7
0110011
1110011
0110010
0100110
0111111
1001001
1101011

4
0000
1001
1011
1100

3
010
011
001

2
11
10

5
00001
10101
01010
11010
10001

4
1111
1101
1000
0110

9
110000000
111100100
011111111
011101010
111001101
111000110
100011111
000000010
110000100

1
1

4
1011
1000
1010
0000

8
10010111
10011110
00101011
10000111
00100000
10111010
00111011
11111011

8
11101000
11011111
00101001
11111000
10011111
00010011
11011011
11011100

2
00
11

4
0101
0111
0010
1111

1
0

3
101
001
101

5
11010
00011
10111
01110
10010

3
010
101
001

3
011
100
101

10
1100101100
0110000011
0000010010
0101010010
1010000110
1101110100
0001000100
1110000000
1100100101
1001110010

4
1111
0010
1011
0000

2
01
10

4
1010
1000
0011
1101

5
10001
10101
11110
11111
10101

5
10001
00011
01001
11101
01010

9
001111101
011111110
101010011
111001111
110000000
110111011
001010111
101010111
110010111

1
1

4
1110
1100
0011
0001

3
011
011
010

4
1101
0111
1110
0000

2
00
00

9
111000010
111111001
110011010
111010101
011101101
011101111
110110011
000000011
100101010

9
110010011
101000111
110111110
101111111
111000100
111001100
110111110
000001111
101111010

4
1110
0000
1011
0000

9
111000111
110011011
111111101
111010110
001100000
010101110
001100101
001000000
000000010

6
111011
100100
001010
101110
000100
111100

6
100001
111001
011100
011010
101010
100000

9
001100101
111010110
010011000
111101001
000110110
100001100
010110000
111000010
101000101

2
10
01

7
0000001
1101101
0100001
0010010
0111010
0000111
1011101

