645
2
11
01

7
0011101
0010111
1111110
1101001
0100100
0101010
0000000

1
0

9
000100110
111010011
000111101
011100111
000011000
001100010
001100001
100000000
100110101

7
1011010
0001001
0101100
0001110
1101001
1000011
1011101

1
0

7
0000001
0100100
1010000
0010101
1110110
1010000
1111101

9
011111011
101011101
000100011
110011101
111101011
111101011
111110111
101110100
111101111

4
0111
0110
0011
0011

2
10
01

5
11001
00011
01011
11001
01001

2
10
00

6
111000
111111
101000
111101
111011
111010

9
010101001
000100010
010000001
101001110
111010001
011101111
111001001
000111100
010101111

1
0

4
0100
1011
0111
0110

7
1101111
0011100
0100000
0101110
1001101
0101101
1000000

4
0100
0110
0010
0111

3
000
110
110

6
010000
011001
110110
101100
101111
100000

7
1001101
0001001
1010010
0100101
0001011
1111001
1001110

8
10101111
10100010
01001010
11100011
10011001
00110010
10001101
11011101

4
1111
1110
1110
0001

10
1111000110
0001000000
0000001110
0011110011
1100010111
1001001011
0111011000
1101101111
0110010011
1011101110

6
100110
100101
111011
110111
000001
011100

10
0110000011
1111110000
0001011111
0110101001
1011010110
1001100101
0100001100
1101110101
1111111111
0001000000

4
0111
1010
0011
1101

9
011101001
010100101
110101000
011100001
100000111
100001110
001001101
100111001
001010100

4
1110
1001
0000
1111

7
0001100
0011100
1101011
0001001
1111101
1110101
1001010

6
110011
101111
110001
001101
001101
011110

1
0

4
1110
1111
0101
1010

8
00101001
01010001
11100100
01111100
11101010
11000110
10010000
10100000

7
1110101
0000001
0010101
1000111
0110100
0111111
1110011

1
0

8
01010010
00011000
00010000
01111011
01001000
00100100
11110100
01000011

3
100
011
000

3
001
110
111

6
111101
010001
100001
010100
100010
111101

9
100101000
100111010
001001011
100111011
000110001
011101111
001101111
100111100
101101111

5
11100
10110
10011
11100
11001

9
011101010
111000110
101100100
001000101
110010110
101011000
000000101
110010000
011101111

2
10
00

2
11
01

9
100111111
111001110
110111000
101101011
011111001
000100100
101000010
111000001
110110111

9
011010100
101111100
101101000
111110001
000010000
000000010
000111011
110011110
000011100

9
011010001
100110010
100111001
011110000
110000000
101101001
101000101
010011000
110010000

9
010011000
110101000
000110100
110111000
001111101
011010100
000101011
111111111
000111010

1
0

8
01100000
11011110
10100100
00101001
00101111
10001111
00110001
11111110

4
1100
0110
0111
0010

1
0

2
01
00

6
011000
111001
011110
000001
100110
011010

5
11001
10000
01001
10111
11101

6
110100
011100
011110
010101
111000
010100

10
1101000001
0111001010
0000011001
1101100001
0100100101
0000110100
0111011100
0011100011
1111000011
0110000110

1
1

5
01101
10111
01100
10011
10000

1
0

5
01100
11100
11011
10000
01100

7
1100110
0101100
0111001
1011111
0010000
1110010
0000010

8
00011110
10000010
11001111
11000010
10011101
00010101
01011100
00100100

8
11110100
10010100
00001111
01101100
01110000
11111001
01101101
01000111

5
01010
01011
11111
00101
01010

6
100011
000110
001101
111110
111100
000111

4
0110
0101
0100
1110

7
0111110
0100110
0001101
0011100
1011011
0010110
1111100

6
101110
100111
000100
110000
110010
001110

9
111100011
110011111
000100100
000111100
010000001
100110011
010001011
110000011
001100100

3
010
000
110

6
111001
111010
111101
000111
101110
100011

8
01010110
11111110
00010001
11000101
01100000
00100101
00110010
11001011

2
11
01

4
0101
0111
1111
1111

3
111
001
111

9
011011110
000101100
000000101
010101011
001110100
101001000
010010101
000101111
010110011

6
111000
001011
100001
101101
001010
100101

1
0

7
1101110
0111011
0110010
1000111
1111010
0100111
1101010

2
10
11

3
110
110
110

2
10
11

6
000111
001110
100110
011100
010001
111001

3
110
000
100

1
0

8
01101100
00110001
01001010
11101110
10011110
10010110
00111001
01000110

4
0111
1010
0011
1100

5
10011
01110
10011
10110
01110

3
011
111
001

9
001100011
000100100
111100011
100111100
010010000
000101011
000111000
001110010
000011100

7
0000100
1001110
1110101
1110001
1001101
1000110
0011011

4
1110
1110
0011
0111

8
11010100
01111011
10010110
10101101
00010000
11010101
11100101
10010001

9
001101100
100110000
111010001
011010111
101001111
110010101
010000000
111100110
001001100

9
111011010
001110101
110111111
100101001
011110110
010010010
000110000
110100111
001110101

4
0001
0101
0000
0010

4
0111
0111
0111
0000

10
0010101110
1010010000
0110011110
0010110111
0011101100
0110000000
0101000000
0111011100
1111011010
1010010100

8
10000110
01000100
00110101
00000000
11110110
10111011
00101000
11011111

3
011
000
101

10
1001101010
0011000101
1100000111
0001110011
0001101010
1001000001
1001000101
0010100101
1110000101
1011011001

2
01
01

6
010101
111001
101001
000010
111100
010100

4
1010
0110
1100
1011

5
10101
00111
00000
00110
10001

6
110111
111110
000101
010111
111111
001110

5
01110
10111
00011
10010
10110

4
1000
0110
0100
1110

8
10010111
01001100
10010011
10101000
10001001
10110000
01010000
11011000

2
10
10

5
10110
10101
00110
00111
10011

8
00001100
10100101
10101010
11001001
11100011
00010100
01101011
10001010

2
01
10

10
1000000110
0101111011
0000010011
1000101010
0100001010
1011100100
0100101001
1101110011
0010011011
1100111110

4
0111
0111
1111
0100

1
0

6
001110
001011
000111
100101
101010
000110

8
01010001
00110100
00101000
01110001
11101001
11101001
01110100
01001110

3
101
111
110

10
1101111001
1010001101
1100011000
1100101010
0010111111
0110010010
0000000010
0010101011
1001011100
1110000110

2
10
01

1
0

2
00
10

3
010
010
101

10
0000011100
1011010101
0011100000
1110000110
1010011011
0011110111
0101000110
0100001011
1000000101
1001010010

5
00101
00000
00101
00100
11100

10
1001011111
0110011000
0001010011
0100000101
1000101001
1110011001
1010110100
1010101000
1100110000
0011111010

7
0010100
0010110
0010111
1111110
1110010
0010111
1101000

3
011
101
001

2
00
11

6
101000
100000
010111
001011
111000
010000

9
111001110
100101110
001011110
100101000
000111101
000101001
010110001
011010010
101110110

3
000
001
101

6
110111
101101
100110
100000
110100
100000

2
01
01

8
00010010
10111110
11101100
01011110
00011001
01100110
11101001
11001101

9
001101111
111111100
011100000
110010101
010101001
100100000
101000110
110100111
001010011

2
10
11

5
10111
01111
00010
10110
01111

3
001
101
111

9
101011011
111111000
010100001
110111101
011011001
010001111
010000001
010111010
011010010

10
0000000100
1000001011
1101000000
1101001001
1001101110
1110011111
1101111011
1010111001
1010111101
0000110011

7
1010001
1011001
1110100
1100001
0111011
1111100
0010101

10
1001100111
0100011001
0101100001
0000100110
0000111001
1100000100
1001111100
1001110101
0101101001
1101001010

9
101000101
011101101
111111101
000111001
011010101
010100010
000110001
101001100
110110011

2
00
10

10
1110100011
0101000101
0101101101
0011000011
0001101111
0110101100
1001111100
1010111110
0110000111
1001110011

10
1000001100
1110001010
1101100010
0111100010
1001111000
0111101101
1010001101
1111111110
1000001000
1101001011

2
01
01

3
010
111
001

7
1010010
0111010
0111110
1100010
1001010
0001110
1001101

4
0010
1000
0110
0100

9
011110111
001010101
110110110
011111111
110001100
100110000
011001011
110111011
110000101

7
1100010
0111001
0000010
1111000
1010110
1000010
1000000

5
00001
10111
00101
11011
00011

5
11001
10101
10010
00101
01100

8
11100110
00111110
01110111
10011110
11110000
10100011
10010011
00101101

5
01111
10011
10010
00001
11111

5
01101
01001
00101
10000
11111

9
010110101
111000111
111110010
101001001
011010000
000010111
110100010
100100111
010000011

5
01001
11110
01011
10110
01110

3
010
110
000

9
101011100
110000001
100111010
001011000
111101111
101011100
110101110
000010011
011000000

9
000010110
111000110
000100110
001011100
011001100
001011110
110101100
000101001
111000100

9
000111011
111110100
111010011
110101011
000011001
111110001
110111111
111111100
011101000

1
1

2
01
00

4
0000
0001
1001
1100

6
010001
110000
011010
100010
111111
100001

10
0100001010
1011010011
1000000010
0011111001
0000111101
0111001001
1110000101
1010001000
1100100111
1000111000

6
100111
001001
110101
100110
101110
011010

4
0101
0010
0111
0100

5
10110
01110
01111
01010
00110

8
01100010
01111011
10010010
00110000
10001010
11011100
01001011
10111000

4
1110
1110
1101
1111

6
111100
100101
111000
110010
001001
111000

7
0110101
1000110
0100010
0100111
1100011
1001111
1011010

2
00
01

2
11
10

10
0101101110
0110100010
1011111001
1000000010
1000111011
0100101100
1000011110
0110100001
1111010001
1110000010

8
00101111
10011011
01011110
01001000
10001100
00000110
01111110
11110110

5
10001
11111
11101
00100
00101

8
00100000
10010111
10100101
00111111
01111111
10011000
11000011
00111001

4
1000
1100
1000
0110

10
0001010011
0100001111
0111011001
0010111011
1111110110
1011000101
1101111011
0010011000
0000110101
1010001000

3
011
100
111

5
01110
00000
00000
01110
11011

2
10
01

1
1

5
00100
11001
11111
10011
00111

6
000011
111010
101000
110011
101010
001111

2
10
11

10
0100000100
0000111011
1011010011
0000001110
1111000110
0000011001
0110100100
1111111110
1101000111
0010010001

9
011111100
101010101
011001000
000011001
010111101
010001101
111011000
100101001
100110001

1
1

9
001011000
010111010
111001110
101011011
100010100
010001111
011011000
111111111
001111010

9
001110010
010111101
011010011
011000010
100001001
100110111
001011001
011111000
011110010

9
011000100
010100010
100001010
110100000
000100101
100011011
100010011
001001011
100111001

4
0110
1000
0111
0010

3
101
010
001

9
100101011
011000011
110101011
110101010
111011011
001110110
001001000
101011111
110010100

1
1

6
101110
010011
111110
110110
010101
110011

1
0

9
100101110
101000000
101110000
100000110
111010011
001010000
110100111
010000000
110000010

1
0

2
01
01

7
0011010
1100101
1011101
0000110
1110000
1000011
0011100

2
00
00

3
011
111
110

6
010111
101001
110101
101101
010111
010111

4
0010
0001
1010
1011

2
00
00

10
0010100001
0100000111
1000101010
1110100111
1111100000
0011010001
0010000111
0001111001
0011011000
1100011010

2
11
01

4
1110
1001
1011
1000

5
11011
01100
11100
11000
11100

2
11
01

10
1111010010
0010011000
1011100001
0011001010
1101000110
0000100011
1000011111
0001001000
1101010010
1101000100

3
110
110
101

9
111101100
100110010
001101111
000000110
110111100
110110010
001011101
101011100
100011110

2
01
01

3
111
111
111

7
0010100
1001100
1101010
1001101
0011111
0101000
0101000

2
01
01

3
111
001
011

6
000110
100100
000000
011001
110110
111111

10
0111101111
1011000110
1011011100
0111100011
1010110010
0110100010
0011000000
0110110110
0011110101
1010100001

8
01101010
10111010
01011000
01111011
01011101
01010111
11001000
10000110

1
0

2
01
10

2
01
00

5
11000
00100
01011
00000
00111

2
00
00

4
1100
0001
1111
0010

9
110011110
000100000
011100001
100111000
011101100
010011011
100101011
001110010
101000100

8
01001100
11010000
00010110
00001110
01111000
01000101
10110010
10100000

1
1

8
10111000
11101110
00100011
10000111
00001001
00100101
00111010
11111111

7
0010101
0100110
0111100
1011100
0100111
0010110
1111000

5
10110
00111
11110
11101
10101

3
111
100
001

5
10111
00011
10100
00000
00101

3
101
101
001

4
1001
1001
1100
0010

2
01
01

5
01011
00000
11001
01001
11110

5
10100
00011
00000
10110
10100

3
111
101
111

10
0111101000
1000100010
1111000111
0110000100
1011110100
0010011011
1100110000
1001001001
1011011000
0010110001

1
1

10
1111001000
1011101011
0101001100
1101100010
1000110011
0001100010
0101011100
0110010001
0111010100
0100110101

8
11011010
10001110
00100100
00011000
01000101
01001010
10110101
01101000

1
1

4
1101
1010
1011
0011

5
01001
10101
10111
10101
11110

4
1110
1110
1110
1001

10
0100011101
0000110100
0110100100
0110001111
0011111111
0010000011
1110011000
0011110010
0101011111
1000001001

4
1000
1100
1000
0100

4
1110
0111
0011
1100

4
1101
0000
0001
0000

3
100
110
101

8
10010000
10111001
11000111
01000001
01000110
00101000
01101000
01111100

6
100110
110001
000000
011100
101011
101110

8
11110101
10010100
11101100
00111110
11101010
11110101
11101100
01101101

5
11011
10111
01000
01101
10011

6
111011
001100
101111
101111
100010
111100

1
0

8
00001110
11101111
11101000
01011111
01000010
00110100
00001000
00101111

2
10
11

5
01001
00111
00100
01100
00001

10
0000000111
0001010011
1001100111
0111001010
1111000010
1010101010
1111000010
1010011111
0110110000
0010010010

1
1

1
1

9
000000011
100110100
001001000
101101101
011100111
101111010
110100101
010111100
000010011

3
110
000
010

1
0

7
0100111
1010111
1111111
0111110
0011101
0110011
1110011

10
1011000001
0110010001
1101100100
1101001010
0111011110
0100011101
0111000001
1100011110
1101111000
0100110010

7
0000110
0101000
0001111
1001001
1001000
1010110
0000111

5
10100
00000
01010
00110
00000

7
1110011
1011100
0000011
1010010
1001011
0011001
1000100

7
0100110
1000011
0111001
1101100
0100100
0001001
0100001

7
1001111
1101000
0000011
1010101
0010010
0010100
0010001

5
00000
00001
11001
10011
01111

7
1110010
0110011
0101011
1100001
0001010
1101010
0111011

3
001
101
011

8
11111111
01011100
11010101
00110111
00011000
00000111
11000010
00001010

10
1001011110
0010110110
0011111110
1111010101
1001111010
1010110101
1110100010
1101110001
0101101010
1100100110

4
0001
0010
1101
1101

4
0101
0001
1101
0111

10
1010111011
1111010010
1111110011
0110010111
0010001110
0111000101
0001011111
0100110101
0010111000
1010111100

6
000001
111000
101001
110110
001010
011101

9
001001000
111110010
101101101
110000100
001001010
101000010
001011000
011101000
111111011

1
1

5
00010
01110
11111
00111
01100

7
1110111
1011010
1101110
1001111
0011111
1000101
0001111

3
001
111
011

2
00
01

2
10
01

1
0

10
1111000011
1100010110
0100000010
0010010010
0001110011
1110000100
1000001000
0110101110
1101101100
0010110010

4
0100
1110
0000
1001

6
101101
110011
110000
101010
011101
011011

7
1011110
1011110
1000001
1010110
1111100
1000101
0011011

8
11111000
10010010
11010100
10011001
10000100
11110000
10010101
00010101

5
01110
00100
11110
01000
11010

8
01110000
10000111
01110011
10001100
11111100
11110100
10101101
11001111

10
0010100011
0111010101
0011101101
0011110110
1110000101
0010101011
0001001010
0111000001
0000101110
1110001000

3
100
101
011

9
001000101
010010101
100001010
001101101
011001010
111001001
011010011
011100001
110011011

1
0

1
0

9
010000101
100100011
000011001
101100101
110010111
011101000
100001111
100100111
011111010

4
1101
0100
0101
1011

10
1110101011
1011011110
0110000000
0101110100
0100001001
0110000011
0101110001
0001010110
1110001010
1001000110

1
1

4
0010
0101
1101
1000

7
0010100
1110110
1011001
1110010
1110011
0000010
0010100

7
0110111
1101100
1011010
0010010
0001011
0111011
0011110

7
0010001
0110101
1101100
0111110
1111100
1001011
1101011

4
0001
0101
0110
1001

7
1000110
1110011
0001010
1001110
1010000
0000100
1100101

1
0

1
0

7
1111110
1000001
1101000
1001000
1100111
1110110
1110001

1
1

8
01100111
01010010
01011011
01000111
10100101
01010001
01010110
11101100

5
11110
01111
00001
00001
01001

4
0000
1011
0001
0011

6
111011
010100
011100
110000
110111
010000

7
0001101
0100010
0011100
0111011
1011100
1111000
1000010

3
111
001
001

5
00011
11101
10110
10100
00110

3
011
101
010

10
0000110101
1100000000
0000100010
1010101110
0011011110
0101011100
1001110000
0101100000
0101111010
1110101000

5
00100
00101
01101
11001
10111

10
1100010011
1001101011
0000010000
0010110000
0100110101
0100100001
1000100100
0110100011
0101110011
1100110101

7
1101001
1001000
0111100
0100100
0111001
1010110
0000010

3
100
111
100

3
000
010
110

6
110111
000110
010010
100100
100011
001101

3
001
000
001

10
0011101001
0000001110
0110110100
0011001001
1010111011
1000100000
0011000011
1010011100
0111001111
1101101100

5
11001
10111
10110
11100
11000

6
111100
000001
101110
011110
000000
011110

10
1000111011
0001111100
1100000110
1010100000
0011010111
1001011001
0101000111
0101001100
0111011000
1111011011

9
011110101
000011101
010000011
011000100
111101011
100011001
100011000
100100111
001110010

1
1

2
11
00

7
0101010
0100000
0110101
1100110
1011001
1001111
1001001

9
011111011
110101111
101010100
101000011
111010101
011001100
111010101
110000010
000110001

2
00
11

3
101
000
011

1
0

3
001
001
110

6
111101
110011
111001
001101
010001
001011

7
0010000
1111011
1100010
0011001
0010111
1000000
1001110

6
110110
101101
110010
111101
101100
011101

9
000110101
101100100
101110100
001110011
100001101
001100111
100110001
100010110
110101010

9
110111000
100100011
111010011
111110000
110100111
000110001
110000010
110100001
001011110

2
00
00

8
01011100
00111100
01100001
10000001
10100000
01111010
11010111
01000010

1
1

4
0001
0001
1000
1000

10
0101101000
1001101001
1001010110
1010100101
1100100000
1011000000
0000110011
1111100000
0101101011
1001111001

5
01100
10010
00000
10011
01001

5
00100
11100
00111
11010
10101

4
1111
0110
1001
1101

3
000
000
011

3
111
011
001

10
1011000001
1110001011
0101010101
1101111011
1100100010
1100010101
0101001010
0111011111
1111101100
1100110001

7
1100100
1111000
1011101
0001111
0111101
1110001
0001111

6
000111
110110
100110
011101
100011
011100

4
0011
0101
1111
1101

1
0

4
1111
0011
0100
0011

2
10
01

10
1100010111
0111011111
0010001001
1011000010
0010010010
0001000011
1110011111
0100100001
0010011100
1110001000

8
00000111
00000001
10010101
01110001
10101100
10010000
10000001
01010100

5
11000
10011
10101
10100
00101

6
010111
110001
011100
100111
100010
111010

4
1000
1110
0110
0110

5
00110
10101
00101
10000
00011

4
1000
1100
0010
0010

6
011010
011011
111101
111001
010111
011010

9
100000100
001011110
000111010
010011010
101100000
101101000
010010010
101000010
001001000

5
01001
01010
10111
11001
11010

3
100
001
101

4
0110
1110
0011
0100

2
00
00

3
111
000
001

7
0011000
0010110
0100110
1001000
0000110
0001011
1110101

2
01
11

9
100111111
011001010
000010011
000011001
000101010
001011110
100101110
111110101
100101001

5
10011
10100
00001
11111
10101

6
110101
000110
101101
101110
011110
111001

3
101
011
000

7
1110000
1101100
1111100
0100011
1011001
1001111
1001000

9
001110011
001111000
000110000
001100000
111000010
111100111
000101101
110001110
100110101

2
00
10

5
00101
11111
00010
11100
00110

7
0010011
1111000
1001010
1010101
0100110
0100110
1011101

8
00100100
10011010
11000011
01000001
00011100
00010101
01000111
01001010

1
1

1
0

5
01111
10110
00010
01001
01011

6
110010
011001
010100
010110
101100
110100

1
0

1
0

5
01101
10001
00000
01100
11100

9
111010010
000100110
101110011
010100110
100110101
000000001
011010101
100011000
110011100

10
1000101000
1101000011
1100111111
1101111001
0010110111
1100001100
0110110110
0000011101
0000001000
0100100011

9
000100011
000111110
010001011
011101000
101110000
111011000
000101101
100101110
111000000

5
11001
00101
01110
11001
10000

4
1000
1100
1000
1011

6
101101
010011
111101
001101
101101
010111

1
1

9
001010100
100010110
111011000
011101110
110110101
010001011
111101001
101100001
111111100

3
001
100
001

5
01001
01010
01110
10111
01101

7
1011101
1010101
0010010
1001001
0001100
1000101
1000111

3
011
101
100

2
11
00

2
01
11

4
1010
1000
1001
1100

9
000100100
110010001
110111011
000000010
101110100
110011001
110001111
010111011
001110010

3
011
001
001

2
01
10

3
111
101
100

5
10011
10101
00011
00111
10100

1
1

1
1

10
0111001100
1011110101
1001011011
0011111101
0101001011
1010111110
0001010000
1101010011
0100111101
1001111011

6
010001
001111
101000
110111
101111
011000

4
1010
1010
0011
1011

8
00101110
11110000
01001010
11111101
00101110
00101010
00000110
11010011

4
0010
0101
0110
1010

10
1010101110
0000100101
1101110111
1110001110
0100010101
1010010111
1100001001
1110010111
0010110111
1100011000

10
0000000110
0101111010
1000100101
0000001100
1001001010
0100111110
0111101101
0111000110
1010001110
1011001110

5
00100
01000
01111
10111
01111

4
0001
1000
1011
0010

5
00000
10101
10010
01101
01101

3
000
001
101

3
000
110
101

6
101000
001011
000100
110110
011011
110110

2
11
01

6
101111
001010
110110
100111
111100
001001

3
000
101
101

10
1000110010
0110111000
0001101110
0111010111
1010111100
0100001101
1100111011
1011010000
0110111111
1010101001

2
11
00

2
11
01

8
11000100
01101100
00001000
10000001
00001111
11010000
10110111
01010000

5
01101
00111
01110
01100
00010

4
1010
1011
1100
1011

4
0110
0001
1101
1011

2
01
11

3
101
110
101

2
11
00

2
00
10

10
0001001001
0110110101
0110110111
1110110011
1100101111
1111001011
0110000101
0011100011
1011010100
0010010010

7
0100000
0100001
0110101
0110011
1100100
0011011
1000011

8
01001101
00111101
11111010
00100110
01101010
11111111
01000010
01100111

2
11
01

2
11
10

4
0010
1100
1001
0010

8
01011011
01111000
11000111
11101111
01100111
00110011
11101101
10010100

10
0101111011
1101001010
0000011111
0101000001
1110000010
1001100111
1010101010
1101010000
1110111010
0111000100

2
01
00

8
11101110
00001110
11101011
10010100
01101001
11110011
00111011
00001001

10
0001100001
0100011100
1111110110
0010100010
0010100100
0101110011
0110000010
1010110111
0000011000
1101100001

2
01
00

10
0101101101
0101001101
1010101001
1000011111
1110110110
1000111111
1010100110
1011001011
0010000001
1101100100

1
1

2
11
10

4
1101
0110
0001
0010

5
11001
01111
11110
01101
01111

1
0

6
010010
111110
010101
110111
111110
110100

9
100101110
010111101
101011000
001011110
100001111
010110100
011100011
011110111
111010001

2
11
10

2
10
00

1
0

1
1

3
000
000
011

4
0000
1010
1111
0000

9
000011111
100010011
101010011
110001100
110111000
000100111
100110111
011000011
010100100

2
00
00

4
0100
0011
0011
1011

6
100011
111111
100111
111110
011010
010000

9
110010100
000010110
100010110
111010010
110011011
110111000
111110000
001001111
011011010

8
01000110
10100010
10111101
10000110
11110001
11101110
00111100
01011000

10
1111101100
1000000011
0101001001
0000001011
0000011111
1111111110
0010110010
0110001010
1110110111
0101111010

8
10001101
01110111
11011000
11000110
00110110
00101111
01001100
11000001

3
100
111
011

3
011
000
100

3
110
111
111

1
1

2
01
01

4
0100
1011
0111
0011

7
1111111
0111101
1101100
0110010
1111000
0110011
1010000

10
1111010010
1100100000
1111001110
1100011111
1001011000
0110110111
0111000100
0010101110
0100111101
1001100000

2
01
00

2
10
11

4
0100
0100
1110
1011

2
10
11

8
01110111
11010011
11110001
11010110
00111100
00101101
11110111
01001110

4
1010
0101
0010
1110

4
1011
0111
1110
1010

4
0110
0101
1001
0010

5
01011
11010
01100
10110
11101

4
1100
1111
0100
1111

4
0100
0101
0100
1001

8
01111001
11011110
11110001
00100000
01110111
10010000
01010110
00110101

2
10
01

1
0

5
00011
00111
00001
11001
11001

9
101010011
100000110
100000100
000010101
101101000
111101110
111101111
100001101
000101101

7
1010110
1101101
1111101
0110111
0011100
0110100
1001111

6
111010
110000
111101
001001
110000
111110

8
10010011
01000110
10001100
10111011
11101000
01111101
01011001
10110111

8
10110010
00101110
10001011
01111101
11010110
11010010
01101100
01101100

4
0111
1011
1000
1010

6
100111
110100
000100
111010
011001
000100

9
101111111
111101100
111100100
101001001
100110101
011001111
111011110
011111110
011100010

9
010001101
100000010
101101000
001111000
110001011
101001000
100111011
001000001
011110101

8
00111000
10100010
10111001
10011011
01111000
00010011
00010010
10011110

9
011010110
101111110
100101001
111001001
010010100
010101011
000100101
001010111
000110010

5
11001
11110
00110
11001
11011

10
1110011001
0110111110
0110010001
0110011011
0010011111
0110010000
0001011101
0111001001
1011010001
0011011011

9
001101001
111110010
110101010
010101011
011000000
100010010
010110111
001110001
011111100

4
0100
0110
0110
0100

3
011
100
011

2
00
00

6
011010
010110
111111
110001
100110
110001

6
001110
001110
101011
000100
101111
010011

1
0

2
10
10

1
0

2
01
11

5
11000
00110
00001
00010
10100

5
10000
10000
01110
10111
01100

9
100011111
101111101
010111111
111010001
011000000
011101011
100000111
110110101
000011011

6
101011
011100
110111
100101
011100
110101

10
0010110111
1001001100
1001101011
1111011101
0101011100
1101111101
0110101000
0111011101
0101010101
1010101001

10
1010010100
1101110111
1001101010
0110011010
0100111000
0001101001
1110100000
1010111000
0001000000
1001000000

1
1

2
00
11

9
000011111
010000111
000111011
010111001
100100101
001000001
100010111
011111111
110111110

9
000101000
001010110
111100000
101110001
001110110
101101111
111010110
000111011
110110000

8
11001010
10111100
01001000
10000101
10110001
01001010
10010101
00000000

2
10
10

2
10
11

3
001
011
100

3
000
011
011

2
11
11

4
1110
1011
1001
0011

8
10110000
01110011
10111001
11001011
11111001
11111101
10100110
00011110

8
11001110
11000011
11011100
11011100
01010100
11101011
10110011
00110001

10
1001100001
0000000010
0001100111
1011101111
1001111100
0001111100
1100001111
1110011001
1010100000
0110110110

6
110101
011000
011000
101001
110101
011001

5
11011
00010
10101
00100
10111

1
0

5
11100
10100
10100
11111
11010

7
0110111
0101000
1010011
0110010
1000011
0011110
0000001

6
011011
000110
011011
001001
111100
001101

4
1100
0001
0111
1000

6
111100
111011
001110
000001
011101
001011

10
1100110100
0000001101
1000001000
1110001010
1001101111
0100010101
0111100101
0001010101
1001010000
1000010101

2
11
11

8
11101011
10111000
10001001
10111111
01010001
01000001
01110101
10010011

7
0011111
0111110
1101000
1100110
1000000
0010011
0011010

10
0101101110
1010111000
1111100000
0001111011
0101100011
1100011110
0011111000
0110011001
1001110101
0101001001

10
1111111111
1110110101
0111110011
1011101010
0110101100
0011110101
1110011010
0001110000
1111110111
0001100000

3
011
101
011

9
111110100
101001010
100010101
100101010
100000001
001100001
101010000
101011011
100101011

10
1111011000
0101010001
1001100101
1111111101
0101111010
1010110100
1000111010
0100010010
1111101111
1111111011

5
11010
01010
01011
00101
10010

4
0101
0100
0111
1001

5
10010
11000
11011
10110
01000

1
1

1
0

4
1000
1100
0101
1000

4
0010
0111
1000
0000

8
00110011
11100010
01110000
00101001
01100110
01011110
00011011
00001111

5
01101
00000
10010
10111
10110

6
100110
001101
110000
001000
101001
111100

2
10
10

6
100011
010000
110101
000001
110100
110110

2
11
00

9
100110110
000001010
110010111
111011110
001100000
011101100
000011010
101111000
101101100

7
0000100
1001101
0000111
0101001
0001010
0001000
1000011

6
011001
010001
010000
110000
000001
111110

6
110111
010110
110100
100000
111100
010111

7
0010010
1110011
0110010
0000000
0110011
1110101
1011111

4
1101
0011
1000
0100

1
0

3
010
110
100

8
10010001
01110000
00011110
00010011
11100010
00110100
00110101
10101011

6
010011
001101
000110
100011
101111
110001

9
011100110
000011001
111000101
111101001
101011100
000111100
001010001
011100001
010000111

9
010110110
011110100
000010111
110001100
010110111
100010101
101010100
010001101
111101111

2
10
11

2
01
01

10
0101001011
0011001101
0101011101
0001001100
1101100000
0011000110
0100100111
0011010001
0010011110
1011110111

5
10100
11011
11000
01011
11010

1
0

4
1111
0100
0100
1010

8
01100001
00011010
01000100
10101101
11101000
11100111
00000101
10010100

1
1

1
0

6
111001
001101
011101
010010
001110
000000

4
1001
0010
0101
1010

3
011
111
011

8
11111100
01011010
11111010
11011110
10100111
01111101
10110011
01010000

4
0011
0101
0000
1110

3
010
110
101

2
01
00

7
0000100
0110101
1011000
1011011
0000001
1110101
1101111

9
000110111
111001010
110010111
001001010
110001011
011001100
011111001
001011101
000100010

8
01011100
00111111
01011111
10011010
11011111
00100110
10010110
11001101

9
000000001
100000001
010010010
100110111
110001000
101011010
111111101
101000110
000011010

7
1001000
0100110
0111001
1101100
0111111
1010110
1111000

5
01101
11111
01001
10111
11110

4
1111
0000
0101
1001

7
1101010
1011001
1101010
0001001
1011111
0101110
0000101

9
100101110
010010101
001001110
100011110
001101110
111000111
111011100
000110000
010100010

6
100000
111011
001100
100101
100100
010010

3
101
001
011

2
10
10

6
011110
111011
101010
001010
011010
011111

2
00
10

10
0010110000
1111001101
1111010010
1010111100
0010101000
0000010111
0000010011
1010001001
0011101000
0110000010

9
100001110
001010110
111111110
110100000
000100010
100001101
110111110
110111000
101110111

1
0

9
010001010
110000111
111110100
001010011
101010100
000010110
101010100
001011000
001101111

4
0101
1000
1110
1001

10
0111010001
1000000010
0101101011
1011101011
1100101011
1111111110
1100110000
0010011100
1011101000
0101001001

7
1110100
1001011
0010110
0110010
1110101
0011101
1100100

4
1110
0010
0110
1101

5
11101
00011
11100
10101
10000

7
1011101
0000000
1001001
0010000
0100100
1100000
0110100

6
000111
100010
111100
110000
111000
001011

