983
7
0011100
1101100
1011100
1101101
0001010
1010011
0111010

3
001
110
010

9
100001010
111111010
011010110
100111010
001101110
011010010
101001110
010011010
111100110

10
1011110000
0101100010
0000010010
1011110110
1010110111
0001100011
0110001110
1111100110
1110110000
1011101000

4
1000
1001
0111
0000

2
10
01

8
10101110
10101011
10010100
00010100
01101001
10010001
00010001
00011010

3
111
011
110

9
000001101
101011111
011001001
110011010
111100010
111011001
010111000
010100011
010101101

8
00100000
00111100
10000111
01101100
11100011
01001000
10001111
10100001

5
00101
10101
11110
10101
11110

5
10001
10111
11011
11001
01111

2
01
00

6
111001
110101
010100
011011
101010
111000

1
0

10
1111001011
1000100110
1111101100
0010010100
0101000111
1110011110
0011110011
1110100110
0110011111
0001011111

8
00001000
11000000
00100101
01011101
10110100
10001100
00100100
00010001

1
0

4
1101
0001
1010
0011

9
101000101
100001001
101111101
101101110
011010001
011001010
110100000
000101111
010110110

9
111110110
110101000
101110110
010001000
111101010
101100011
011100000
000111011
010000001

8
11100001
00001111
01001100
11001011
01010010
00000000
01111110
01010001

9
010100111
101000001
011001001
010111011
100111011
110111111
000111110
001111010
100000100

1
1

2
11
01

8
10001010
01000110
00110101
10111000
01001111
10001110
11010011
11000011

4
1011
1000
1010
1101

7
0011111
0100011
1100011
0011011
1110011
0010010
1101010

3
000
111
100

3
101
100
001

10
0010111100
0101010101
0110100010
1010010111
1001011011
0010010110
0000011000
0100100000
1110101001
0000000000

5
10100
10011
00100
01101
01101

5
10000
01110
11111
10011
10010

9
000011011
010011000
101101000
111100110
101010111
011011001
111101000
001110010
011100011

2
10
10

8
01010001
11001100
10100110
01110011
10110110
01100000
11011110
00000001

4
1010
1111
1110
0000

8
00100001
01011010
00001000
10000001
01011010
01011001
10111010
10100101

1
1

8
00000111
11010011
11001001
10101101
01101010
10100110
11001010
10110110

10
0001111111
1001110101
1001000100
0001000110
1110000000
1000101100
0001011001
0000111110
0101101100
1111001011

5
01100
11111
11110
00101
10000

2
10
01

2
00
10

1
0

2
00
11

5
00101
00111
00101
01111
11110

9
010110001
000100100
111110101
010000100
111111010
100110000
001011100
010100001
101100000

4
0101
1111
0100
1000

7
1101011
1000011
1011110
0010101
0000001
0111101
1011100

1
1

2
01
00

1
0

4
1110
0100
1010
0000

2
00
10

3
000
011
001

10
0001101110
0101010111
1010101011
0110001011
1001001100
0001100101
0001100000
0001101001
1011111100
1010111011

10
1010010000
0101110000
0011010111
0100000001
0001001110
1001110111
1000010001
1100111001
0110111101
1100110000

10
0001101001
0101111101
0001001000
1101011011
1011010101
0010100111
1111011101
0001011110
0110010110
0010010100

1
1

3
010
110
001

8
11110001
10101011
01100110
00010001
01011011
01111111
10111010
10101001

10
0000011011
1101001101
1101001000
1010101011
1101011000
1010001101
1110110000
0100010010
1001011000
1011001101

5
11010
01110
11111
11000
00101

1
1

3
000
111
001

2
11
01

4
1010
0011
1110
1011

8
01011100
11101110
01100010
11101110
11110101
01011000
10010100
00100111

2
10
01

1
0

3
101
100
101

10
0001011000
0111001111
0101100000
1110001100
1000111001
1101100001
0101100110
1001000110
1011110111
0111110001

3
111
100
010

1
0

7
1000010
0000111
1100110
0000010
0110111
1111000
1101000

8
01010011
00000100
11110100
11101100
10111000
00110010
01110111
11001011

8
00011001
11001000
00101000
00111010
10100110
00010101
10010000
11100111

5
11101
01001
10000
10011
01001

6
010110
111010
010101
101000
100101
010011

4
1111
0110
0111
1101

7
0010001
0000100
0100110
1011011
0110001
1100000
1011101

1
0

10
1110101101
0110001010
0011000010
1101000110
0100011011
0001011010
1010011011
1001001000
0100101010
1001110010

7
1111100
0010001
0010011
0111011
1101101
0100001
1100111

7
1001101
0001110
1100101
1100100
1111111
0101000
0001001

6
000001
111110
111101
101100
010101
111111

7
0011100
0111000
0001100
1111010
1110110
1010011
1111111

2
11
11

8
00111000
01101111
00001110
01011101
10010101
11111111
01000000
10100111

9
110010001
111101010
011000101
111010011
110110101
010101100
110000110
110100101
000010100

10
0110101001
0101010010
0111100010
0110011001
0110110000
1001100001
0101001000
1010100001
1101001011
0111100110

9
101011010
100101010
000001111
111100000
100110111
001101001
100000001
100001100
010001000

10
0011010110
1100011000
1010011001
0010001011
0010001000
1101010101
0011011000
1000110010
0110000111
0101011000

9
111100101
100111010
011000010
111110101
100011000
111000001
100010010
111111100
101010110

9
010010011
011100101
011111101
011111000
101001010
101101011
001001100
101001111
100011011

9
011010100
011110010
011001001
001010110
010101100
010000101
000101000
100111110
101000001

5
10100
10010
00111
00101
00111

8
01001100
00101000
01011010
11010110
10111011
11011100
11100000
10110110

10
0110101000
0010110111
0000110001
1111101110
1000100000
1001111011
1010100011
0100001011
0000111101
0011001101

2
11
10

3
011
101
111

9
100101011
101101110
101100000
101000010
110100001
100101010
101110000
010111000
110001001

6
000001
111000
111000
011111
100101
100010

5
01001
10010
01001
10011
11111

8
01001100
01000100
00100110
10111010
11000110
01101000
00101111
11001011

8
11001111
11101100
11001011
11011001
10110101
10111111
10111001
00011011

9
000000001
010101010
000011001
001110111
111101011
000010110
101100010
100001011
100011011

5
10111
10110
00010
10101
11001

3
100
001
110

7
0101100
1101001
0001111
1010100
0111011
1000101
0101100

1
0

8
10101000
10111100
01001111
11100110
10010001
10000010
11100111
01100000

6
001100
000010
101111
100101
100100
010110

1
0

10
1010100100
1101110111
1010101011
0010011100
1110111100
0000101100
0111111110
0000101100
0010000101
0000110001

3
111
010
010

2
00
01

7
0101100
1001110
1001011
1011110
1001011
1010100
0001011

5
01010
10111
10010
00011
11000

3
100
110
010

5
01110
01101
10111
00010
10101

9
110011101
111010011
010011111
100100111
010000001
101001101
111111001
100101010
011001100

10
1111010001
0001111110
0101110100
0110011100
0011110011
0100101111
0001001001
1111101110
0011001110
0000010001

10
0001110110
1110110010
1111011001
0001110001
0110001011
0101110100
1000000100
1110111101
0110111111
0010100010

8
01110001
01101110
01011101
11111111
01011111
00111111
11111000
11011110

2
11
11

4
1100
1011
0000
1010

2
00
00

9
010101101
100001011
001101110
100000100
100111011
100101110
100001100
100001001
111001101

2
01
10

5
11111
11010
00110
01001
10010

3
110
110
000

1
1

10
1100111010
1011010010
0110000010
0010110000
1000011000
0010000111
1111011000
0101001111
1010111011
1101000101

6
010100
110000
011110
110101
001000
100000

7
0110011
1010011
1111011
0011011
1011001
1010101
1100001

2
01
01

7
0100010
0010000
1101000
0100110
1110001
0010110
1101000

10
0101111110
1100000000
0011011011
1011101001
0000010110
1011010010
0110010101
0010100000
0010101000
0101110010

10
0011101001
1111110100
1010101110
0011110001
1110110110
0100100111
0010010101
0001111101
1100110000
0010011111

7
1000111
0000001
0111000
0000000
0010101
1011001
1100111

3
001
001
101

8
10000111
01101001
10100011
00111000
10001111
01000010
00110101
01001010

10
1000100101
0111101000
1111000010
1110001101
1100101000
0111001011
1011100110
0010001110
0101101111
1111000010

6
101110
111101
010010
110010
001100
010110

3
101
101
000

4
0100
0000
0010
0100

1
1

4
1000
1111
1101
0001

4
1101
1001
0001
0001

3
100
001
010

1
0

7
1111001
0101100
1110011
0110010
1001000
1011101
0111000

1
0

7
1110010
1111011
1011011
0000100
1101011
0001001
1010000

8
11110101
01000000
11111010
01001010
01010011
10100010
00101000
00011101

7
0110110
1011100
0000000
1101101
1100100
0000000
0110101

6
010010
011010
010111
010001
010001
011011

5
11011
00111
00010
00111
00111

1
0

10
1111010101
1010111111
1110100010
0101010110
1010111110
0110001110
1110101011
1100101101
0100111011
1001001011

2
10
10

1
1

7
1100111
0110010
0111010
0001101
1001011
1001101
1000110

10
0111100111
0010010101
0101000100
0110100001
0110011010
1111111010
1101101110
1001001111
1111101110
1100001010

6
010001
111001
010100
010100
011001
001100

9
001010000
110101010
101011010
110010100
011101010
010011110
011000110
000011011
110100110

5
10110
00010
01111
11000
00010

2
00
01

4
1000
1010
1010
1110

4
0111
1100
0010
0001

1
0

7
0101011
1111010
1111111
0101101
1000111
1010111
1111011

6
011101
101011
010001
011100
010110
100101

9
111100110
001110111
001111111
011111100
000101011
111010110
011010000
000111111
000011000

8
10010111
01110111
01110011
00001011
01110100
00010011
01100010
01011001

5
01110
00011
00011
11100
11110

8
01000011
01000100
01000000
10101111
01011100
00001110
01010010
01010110

1
0

5
10111
00001
10000
01101
10101

9
010111110
100001111
000111100
011011000
000010100
010110001
101110000
001011101
111001001

1
1

9
101111011
001011011
110001100
110100011
100111100
010100111
110101110
000010001
000101110

4
0110
0000
0110
0111

6
100001
100110
101110
010000
011001
111011

1
0

9
001100000
111100011
000111001
010101101
101101010
100101110
100001101
101101011
110010010

1
0

7
0010011
1101101
1010010
1011001
0001011
0000110
0110110

4
0101
1011
0101
0100

9
010010110
000010011
110100100
010011001
111010001
001101010
110011010
011111100
010001101

10
1100001111
0010001100
1000110110
1001111100
0011100011
0101000010
1000101011
1010011001
1111010110
1111110110

9
111011110
001111110
000100001
110000010
001110111
100010000
110010010
000010110
010100011

4
1111
0110
1100
1111

4
1111
1100
1000
0011

8
01101111
01001000
10100010
10101011
01000100
00010000
10100010
11100000

10
0100111100
1101001000
0010011000
0101101011
0000111101
0010010010
1010001010
1111001100
0011110100
1111100001

4
0010
0000
0110
1010

10
0010110100
1101000110
1011101110
0011111001
1110000000
0111001111
0101101100
0101010001
1100110000
1001001001

4
0001
0000
0110
0110

4
0011
0010
0001
0111

9
011001011
011000010
011101110
011011011
000001111
001001111
011010111
100100100
010011101

1
0

4
0001
1101
0010
0010

6
011000
100110
001101
101000
010111
110010

7
1100001
0010011
1010010
1001110
0101100
0010010
1000110

6
000010
101100
101111
011110
100101
000101

1
1

4
1000
1101
1011
1110

5
01110
10111
00000
11011
01101

8
01101001
10111000
01010000
11101100
00101001
11000100
01000010
10001011

10
0000100011
1010000101
0001010000
0101111101
1001100110
0100100111
0001001100
1111110011
0101111010
1101000111

1
1

5
11011
00101
00011
01111
01000

1
0

5
10100
11110
00000
10100
01011

7
0000001
0001011
1000110
1100000
0011001
0100001
0100101

6
101100
110000
011000
110011
010111
010000

3
110
111
101

9
100000011
011110101
001001011
000110001
100000111
000101011
101001111
011000111
110111010

5
10111
10011
01100
00110
00001

10
1101110001
1100101101
1111111100
0000100010
0000011100
1111100010
0110001000
1110110010
1110101010
0000001110

2
00
10

7
0111110
0111000
1101101
1011101
0110101
1000000
1000011

7
0111010
1101110
0101110
1101110
0001111
0101011
0111001

4
1110
1110
0110
0001

6
101111
001000
110010
101011
110000
110011

1
1

7
1100111
0110011
0100000
1101110
1100110
0101010
0010010

5
01000
00100
11100
11110
01001

4
1011
1001
0000
1100

5
00101
10100
01001
10011
10110

2
11
11

10
1101010110
1100000000
1010011100
0111011000
1011010000
0101110010
0111100001
1100110010
1001010111
0110010010

9
000000011
011111100
000000101
010011100
110001110
100111001
110000100
001011010
000011100

2
00
00

2
10
10

5
11011
11000
01101
11111
00010

4
1110
1100
1011
0000

6
000111
111001
111101
011001
110101
001001

10
0001000100
1100101100
0101111111
1011110111
1001011110
0101010111
0011011100
1000101000
0001100001
1011110011

10
0000101111
1000000101
1001110101
0011101101
0100001101
0101000011
1000110010
0100111101
1011111101
1100001001

5
01011
00000
11000
01000
01001

1
1

4
1001
0101
1110
0000

9
000100010
101110101
111000100
001001000
111010110
010111011
101011000
000010111
011001100

5
11011
11011
11111
11010
00011

8
11000111
10001111
01001100
11111101
00110110
11110110
11010000
00110100

4
1110
1111
1110
1001

7
1110110
0000011
0001100
0111110
0110101
1101000
0101011

10
0010111110
1001001011
1100111011
1011001010
0011101000
0001111010
0110001100
0010101111
0111100011
0101101101

5
01110
00101
00110
10111
01010

6
011011
101101
101001
010010
100100
110011

9
110001100
011000000
000001001
001001001
011101101
011111100
001010101
001110001
010101010

6
011100
110111
011100
110001
010000
110000

6
010000
000100
010110
011110
001111
010001

10
1111001010
0000010000
1100001100
0001110000
1000111001
0111111101
0111001001
1000011001
0111000011
0001100010

2
00
11

3
110
000
100

4
1111
0101
1000
1100

8
11111100
01110011
00011100
01011000
10011001
11000010
10001010
01000001

10
1100010110
1001101010
1000001010
0110010100
1010000100
0001101010
1111010010
0011011011
0101111100
1110000001

9
011010001
001010110
101000011
000011100
010110110
000000000
110101100
011011000
000100001

1
0

8
10001100
00111011
11100011
01000001
01010001
00000010
11111111
01001011

6
110000
111001
101101
011111
001001
000000

5
10100
01010
10100
01010
10110

4
1010
1111
0100
0110

8
10100100
00111101
01101101
00011010
00111100
11100110
01101101
01111001

5
01001
10101
01010
01011
00110

10
1100110101
1011111100
0111101110
0100111110
0000011010
1111101101
0110001110
1011111001
1000111101
1111101111

9
110011011
011111001
101000001
001010011
010011000
101101111
001001011
010100010
010000110

8
11011010
00001101
10101011
10010001
10000100
01110010
10111100
10101111

2
00
11

8
01111001
01001100
11010101
01110111
00111101
10100010
10010010
11111001

6
000001
000111
000000
011000
000110
101011

3
000
111
000

1
1

10
1100111111
1000010100
0100001111
1000010011
0000011000
0010111101
0111111000
1111101011
0111110110
0111110100

9
100100011
010010111
011011110
101110011
101011010
111101110
010101101
101001011
000001111

2
11
00

5
00100
10111
10110
01010
11111

6
011101
101011
010000
000110
001011
011101

2
01
11

8
00010001
01001110
10111000
10010100
11001000
10111101
01000111
01011110

3
001
110
011

1
1

8
01110000
11001010
10100110
01111111
01110100
01000100
10010111
11111110

7
1101111
1011110
1010001
0010111
0011011
1100101
0110011

6
101011
010011
101011
011000
110100
111011

2
01
11

4
0100
1010
0111
1000

4
0001
0101
0001
0100

2
11
10

3
110
100
001

6
101000
111110
011010
000000
001111
011000

6
111110
000110
011111
010100
110101
110110

2
10
01

10
0010100000
1011101000
1010000000
1011011100
1001100110
0010101101
1011101101
1100010110
1010110111
1100110111

5
01001
10010
11010
11101
01011

2
10
00

2
00
00

6
111101
101001
001000
010010
101011
000011

4
1000
1000
1111
0000

3
111
011
010

7
0110011
0101001
0111000
1110011
1111101
1111011
1001010

8
10100111
00010100
11101101
00011001
11011010
10100011
00000111
00110011

9
110101011
110111000
001101111
111001111
000110111
110100011
111100011
001111010
011110001

3
100
111
011

7
0000111
0000101
0110001
1011101
1110000
0110110
1111101

6
010010
101011
011001
001000
001110
011001

8
10010110
10000000
00011101
01001011
01110011
10100001
11100011
00100001

3
111
010
010

9
100101110
000000111
001100101
111100001
100000110
011001111
011100111
010101001
111100101

1
1

9
100000111
110100110
100111001
001110001
110011001
001010000
010100001
101110111
110000000

2
00
11

1
0

4
1101
1101
1110
1111

5
11011
00001
00000
01010
00010

10
1100010111
1111010000
1000110010
0110110110
1001011101
0001011110
1111111110
0100011011
0000110111
0001001000

8
01000110
00100010
01100011
01100001
11000110
11101000
11101010
00111111

7
1101010
0101100
1101110
0011100
0000010
0110000
1101011

3
010
011
011

10
1111000000
0100011110
1110100111
1011010101
1110000100
1100101001
0100010100
1000101110
0110010011
1110110000

5
01011
11110
00100
00111
11011

2
00
01

5
10001
11011
00010
11110
00100

5
00010
10110
10000
11001
01101

9
001101111
100011101
110110010
110010010
101100010
011110011
101011000
100000001
001110100

1
0

7
1000001
0001111
1000111
1101101
1001001
1001001
1101100

5
01110
00101
01000
00111
10101

7
1111000
1001111
0000111
0010001
0111000
1000110
0101011

1
1

4
1111
1101
1111
0000

10
0111101010
0100011011
1101110111
0010100100
0000111110
0000011111
1011100110
0001010111
1001111101
0110000100

4
1101
0011
0000
0111

6
001101
101010
000011
111010
100111
010000

6
010111
010000
101100
011001
000000
000001

3
100
100
010

8
10100010
10110110
00100001
11100111
11001100
00011010
00110001
00100000

5
01001
10011
10101
11010
11110

1
1

10
0010111100
0001101111
1001010011
1010101111
0011101000
0111000101
0010110010
1111000100
1110101011
1101001011

3
100
101
010

9
010001110
000011111
111110011
000011011
111111110
101100101
011100000
110110101
001100101

1
1

3
100
101
100

7
1000110
1110110
0101110
0110111
0111100
0010011
0010010

1
0

3
001
111
100

1
1

4
0100
0011
1101
1000

8
00010010
01101000
11001011
11111001
11111100
10101111
10110000
00110011

1
1

7
0001110
0001100
1101001
1110110
1111011
0000011
1101011

8
00111111
00100111
00000111
10000111
01111111
00100010
00001101
00001001

1
1

9
001000010
111000001
100011011
100101010
010010011
010111010
111000110
110100001
101100111

1
1

3
011
010
000

6
110000
001010
101000
101100
000010
111000

9
110110100
111000000
100110011
100111100
101010101
010111101
000010110
110111001
010000001

8
11101000
11101110
00111011
10101111
10100011
10011001
11000010
11010001

4
1010
1101
1001
1100

8
00100001
11000010
00001111
00010011
10111001
11000100
11001001
00100101

8
11110101
00110100
10111001
11100110
01100001
00110101
11100111
11100010

6
001100
110101
000001
001011
111111
001101

3
100
110
011

10
0001111000
0000001100
1001011101
0111100110
1100000011
0001010000
1110111000
0000000110
1100101110
1101110011

1
1

5
01110
00000
11001
01101
01000

4
0110
0100
1011
1100

9
100011010
010111111
101011101
100000001
010101101
001011011
000110110
110010010
110000100

5
10011
11000
11000
10001
11010

3
010
111
000

2
00
10

2
11
01

5
00001
01000
00001
00010
11000

3
000
010
100

10
0000111010
0111101010
1001111011
0000110101
1100110110
0010101010
0101010010
1111000011
0011010110
1100000000

1
0

4
1001
1111
1100
1001

1
0

5
11000
10110
01001
01000
10010

10
0010110011
1110100011
0110001110
0010000101
1110111100
1011101011
0001110100
1001110100
1111111111
1000001110

4
1110
0110
0101
0110

2
11
01

1
0

9
000110101
000010010
001101111
111001011
011011001
101110001
100110100
111101100
010101011

9
101001110
111111111
001010011
000110000
010011010
011101111
000100000
100001101
011011110

3
101
011
101

3
110
110
100

10
0100100010
0001011001
0101101000
1111000001
0111100001
1011011001
1101011001
0010100111
1110101011
1011111001

3
111
011
011

9
111011100
011000011
101000100
110011011
110000001
000111111
010000010
110110011
001010100

5
11110
10011
11010
01010
10101

1
0

9
000101011
111000100
111011011
101111110
101101110
110010111
011010110
101110010
000011110

1
0

8
11110000
01000101
01110011
10111001
10010010
01001001
00110010
01111100

6
111011
000101
000101
110100
010011
000010

2
10
01

8
10111000
11111100
10000010
11100100
10111001
11101010
11001001
10000011

8
00111001
11101100
01011100
01101100
00001011
00011110
11011000
01011010

2
01
01

6
000110
011100
000111
110010
111101
001011

4
0011
1000
1001
0100

8
01100010
00011000
01010001
10100101
10011001
01100001
10110011
00001010

8
00101001
11100100
00100001
10110110
10100110
10000101
00110110
11001100

6
100010
111010
110001
100001
101011
001111

7
1001011
0011000
1101110
1100000
1011101
0101100
1111111

8
00010100
01100101
10110000
00010011
11101101
10010011
11000101
00010101

8
00000011
00110111
00100011
00001010
10101011
10100100
11110111
01100101

3
110
111
011

8
01111101
00110110
11010010
01100111
01001100
01001011
00010101
11011000

3
101
111
110

8
10101001
01010011
11101010
01001111
11110111
10100110
10100011
11100001

8
11100110
11001010
00010100
01101010
11110111
10010100
10100000
01001100

8
00010011
00001111
00011101
11011110
10001000
00000101
01101111
00101011

4
1110
1011
0101
0100

2
11
00

4
0000
1001
0110
0011

10
0011101011
0011011010
1011111011
0010111101
1010110111
0000101111
0010110001
0101011110
0111001011
0100011000

3
000
101
111

7
1011101
1101101
1100011
0111110
1000001
0010001
1010010

4
0100
1001
0110
0111

3
001
100
101

4
1001
0100
1000
1100

3
100
000
000

8
11101101
01000101
10011111
10111010
00110101
11000101
10111110
11010011

8
10100100
01011001
11110011
00000010
01111001
00000100
10111011
11001110

2
00
00

9
011010000
110010100
111001101
110111101
011110011
100010000
111100110
110010001
010100001

6
111110
110001
011110
110101
100101
100110

9
100011111
110110010
010001111
110101001
010100110
111011000
100110101
101001000
000010110

3
111
110
011

4
1111
0101
1101
1101

10
1011010001
0010011100
0011100001
1011111000
1110100100
0011111110
0111101011
1111100010
1101010010
1000101100

1
1

2
10
11

6
010001
000111
110101
011101
010011
000111

4
0010
1001
1111
1100

3
000
100
110

9
010001101
011000000
100011101
000100111
101010000
010110000
101111100
011100011
010001000

8
01111100
10001000
11010100
01001111
11010001
11011101
01110101
10010010

4
0111
1111
0000
0100

4
0011
0010
0100
0011

4
1110
1001
0100
0000

6
001110
101110
011101
000111
000001
110111

3
011
010
010

8
11101101
00001111
00101001
11110000
01010000
10100101
10101011
11011101

8
10011000
11110110
10111001
01000100
00000110
10110101
10011111
10000000

5
01101
10011
01000
01101
01010

3
100
000
010

7
0100001
0111001
0011000
0011111
0010001
0111010
0100001

5
00010
10101
00110
10100
01110

6
110111
000011
101111
100111
001111
000000

9
111110111
100011101
100111110
000001010
010101001
001000101
010001011
111101011
000101101

9
101100010
010000000
001011101
000111101
010011101
000100111
011100110
110100000
011000010

10
1010110000
0001011010
1000000001
0101110111
1100010111
1010010100
0111111100
1110110001
1110101000
0000100101

2
11
11

5
01110
00001
11001
00010
00111

8
01110000
01100100
00100010
11101111
00101110
00000000
10011000
01101100

2
00
11

4
0011
0001
0010
1010

2
10
10

9
110100010
011001000
110011000
110110011
100010100
011011100
111011101
101101011
010011101

9
000101010
000100011
001110101
111100010
110111100
010011111
010110110
010110000
001110000

5
11111
10011
10101
11010
10101

6
001110
000101
110111
111001
010001
110010

9
100011010
010011100
101000010
100000100
101101101
101010110
010010001
111110100
001110011

10
1101101100
1100010011
1110110101
1110111111
1011101111
0101100101
0101000001
1001101000
1001010111
0100000010

8
11010101
01100011
10110111
11011001
01001110
10111100
00011101
11101110

10
0011111110
1111001000
1111000001
0111000011
0011111001
0110111100
0111011111
0111111011
1011010010
1011101000

4
1111
0001
0111
0101

2
01
00

8
11011011
01010101
11011010
10111111
01011001
11011100
10100000
01100100

1
1

10
1110101100
0000000001
0000010000
1001001100
0000110110
0001000110
0101010011
0110010101
1101111010
1000000010

3
110
110
001

9
110101001
011111100
001110001
010101010
001100011
101111010
101001001
110101110
110100111

9
101011000
111001001
011000100
111001101
111101101
100010111
000010011
010100111
100100110

2
10
11

7
0100010
0101110
0110011
1000101
0100110
1001000
1011001

9
111001101
000111101
110010000
110101101
010001010
100111000
001011101
001010100
111100110

7
0101010
0101010
0000010
0000000
0000110
1000011
1001100

4
0001
0100
1111
0110

5
10101
11111
10100
01111
11101

3
011
000
011

10
0100000111
1110111000
1010011001
0100001011
0010011011
0010110110
1001001011
1010010010
1001001110
1110010111

8
10101000
00111111
00011001
00001111
10000000
11101011
00111000
01010111

3
100
111
111

3
001
001
010

1
0

8
10100101
01010101
10111010
00010100
10111100
00101101
10100000
11001100

9
111011011
110111100
100101001
101000111
111101101
010111111
001101010
111110111
010100110

9
110101101
110111101
000010001
001101010
010111111
100111001
010110110
111101101
001000110

7
1111000
1001101
1110000
1011101
0011011
0101010
1111110

3
100
110
000

7
1111000
0111000
0111110
0110000
1100001
1101011
0101110

6
000010
001110
010111
111111
000100
010101

10
1110010101
1011101101
1011001000
1101010100
1000111101
0001101010
1010011001
1100011110
0001111011
1111111110

1
0

2
10
11

4
1011
0000
0100
1000

9
110110011
100100001
000001101
011110010
011111001
001010001
010100101
010100010
010011001

7
0100101
1101000
1011000
1011001
1011000
0110101
1001101

8
11010101
11001000
11010100
10101000
00000000
00100111
11011111
11001101

1
1

4
0111
0001
1100
1010

9
110101000
110010101
011111111
100000000
111100110
000010001
001111010
011110110
101010011

8
11000111
00001000
00010010
10100010
11110001
00111101
10010011
10011101

3
000
001
000

10
1010100000
0000001010
1111101110
0010100110
1100011000
1000110010
0011101110
0101110010
1111111100
1000011100

10
0000000011
1100010001
1110001010
1100100001
0111011010
1010100100
1100000010
0000011001
0100001101
1100101011

5
11001
11011
01111
11000
10110

5
01011
01101
10001
01000
10011

7
0111100
1110000
0000011
0110101
1110001
1011100
0010001

8
11110011
00010101
01011011
00011101
11001011
10010001
00111001
11010000

3
010
000
101

2
10
11

10
1001010010
1000001110
1111110001
1101010111
0110111110
1101000110
0101101110
1000101111
1111000101
0101010100

2
00
10

4
1011
1100
1111
1101

3
100
101
010

6
110110
101101
100100
100110
001010
010100

8
11000001
01010100
00011001
10111001
10100111
00101111
01111001
00100110

8
01000110
01000011
11100011
11000101
00001010
01110001
10011001
10000011

3
001
011
010

8
10111111
01100101
10110000
00110000
01111001
10101000
00010110
11001000

6
010000
101011
000111
110101
100110
001000

5
01010
10010
01110
00100
00101

1
0

7
0000100
0100010
1111010
1101110
1110001
0111001
1011101

8
00111110
00101001
00110000
00000011
00110111
11000011
00001100
10011110

6
111001
010001
010101
110011
000110
000101

2
11
01

6
100100
000111
011110
000100
010111
000010

3
010
011
111

6
101001
000000
100010
101101
110101
111010

6
011001
010001
111110
000110
011010
111011

10
1100100100
0100011011
0101000110
0011000001
0110001011
0110000001
0110100000
1001001100
0110100101
0001001010

9
100111000
101011111
110000100
001110000
100000100
101001011
010101111
111111111
111011011

5
11110
11110
00001
11101
11000

3
111
100
100

4
1011
1110
0101
1100

4
1100
0110
1100
1000

5
01100
10101
00001
11110
00001

1
1

6
001110
001010
110110
000011
100110
000010

5
00011
11010
10100
01111
01011

9
100111100
000110101
010100011
110011110
111010101
110100111
110110000
101100111
011110011

4
0100
1011
0110
0000

10
0111001001
0110011001
0110000011
0101010100
0010110011
1000000010
1001111111
1110111001
1011000001
1100001101

9
101111010
100111001
110010110
101111000
100000000
110000111
011110111
011101110
111100110

4
0100
1010
1101
0001

8
01110000
01000000
11010010
11001001
00111101
11000100
01100010
11100111

2
10
10

2
10
10

6
001111
100101
010111
101110
100111
110100

8
10111101
10001000
00011011
01111110
10001000
11000110
11010011
01011000

1
1

10
1001110000
1100001010
1010011010
1010101011
1110000100
0001100001
0001010000
1001101001
1100111111
1000001011

9
000110001
001110001
000010110
000100111
101001110
011101010
000011110
011111010
001011111

10
1011010010
1010001111
1100000100
1100100010
1010011011
1001010010
1110010100
1000101101
0010011101
1110000101

10
1101110110
0101100011
1100111100
0010001001
0001100110
0010100111
0111111101
0010110010
0011111111
1001000111

10
1000111100
1011100110
0001101011
1111111000
0011111111
0000100011
1000000001
0100001010
1100110011
0001011111

2
10
10

8
00111100
00111100
10110011
01110110
11100111
10000100
00000001
11001010

9
010001100
011101000
000001011
100010100
011101001
111110101
001111110
000011100
111111011

9
110011011
100010011
010110000
010000000
000101100
110110110
011101111
101011000
100101011

7
1110101
1010110
1111111
1111101
0011000
1101010
0001010

8
10110010
11010000
11110001
01000100
10010101
01000011
10010100
11101011

2
11
01

10
0101011001
1001011101
1010111001
1011001010
0000001100
1111101110
0110100110
0011110110
0110000001
1101011110

7
1111101
1010000
0010010
1010111
1101111
1010010
0110110

6
111011
110100
101100
100010
101010
100110

1
1

6
100001
111110
110111
110001
000111
010100

5
01101
01101
11111
10011
01000

8
10111110
11101001
00101010
00111011
00001001
10100101
00111110
11101000

10
1110000010
1111111011
0110100011
1100101011
1101010001
0000001101
0100000100
1001101110
1001011101
0010101101

3
101
100
100

3
000
100
100

1
1

9
111110010
010100000
100100010
000111100
101100011
010001011
111110111
101100010
000010001

4
0000
0001
0001
0100

10
0011111100
0100001101
0100000111
0000111010
0010000111
0101100110
1011010100
1000011001
1111010000
1001010001

1
1

6
110100
010110
100101
111010
100101
010100

4
1100
0110
0001
1100

1
0

6
111000
101111
110101
011101
110110
110000

3
011
001
100

2
11
10

4
1101
1100
1111
1100

9
010010100
111010010
110001011
101000101
101000111
001101100
010000010
001110011
000100100

2
01
00

10
0101001101
1010110000
0100000001
1010011001
0010001010
1000001111
1001111111
0010111011
1101100100
1001001101

5
01101
01010
01000
11011
01101

3
011
101
001

3
011
101
010

4
1010
1001
0110
0111

10
0000101100
1010110010
0101111111
0110000001
1011011111
1100011110
1011111110
0010111111
1101011011
1110101001

1
0

4
1110
1111
1001
1010

9
101011100
011000110
110101001
101011000
001001110
110000010
000000110
000011001
111001000

4
0010
0111
1001
1011

1
0

9
000101101
110111100
111010011
101111111
110111100
010110000
001011010
000010010
101010000

9
010100010
111001001
111101011
000101110
001100011
001000001
101100100
010010100
001010010

9
000101100
011011001
110011110
011101011
100011010
110111100
001000101
010010011
010100000

3
010
000
100

8
11010100
10100101
00010001
00111000
11100000
11011100
01011101
11000110

2
11
10

10
1110101010
0110011110
1001011010
1001111010
0111001111
1110111000
1111100101
1111100100
0011100111
0011000100

9
010100110
110011101
110100100
110101000
011001000
010011101
111001010
000101010
110000011

3
010
101
011

3
000
011
001

10
1110010110
1100001010
0011010011
1011101011
1110011011
1011001100
1111101101
1011101000
1100100000
1001000010

4
0000
0111
1111
0001

10
0110110111
0100110110
1111011101
0110010000
1110100011
0010010011
0001000001
0010110000
1011110111
0111010011

1
1

5
11100
10011
10000
10010
11000

3
111
001
000

10
0111101001
1000001101
0100111011
0011011010
0101010100
0010011100
0100110010
1000100101
0100001001
1110010110

10
0011111101
0110101100
0001100001
0000010001
0010011000
1011000000
1111000101
0111001010
1110110001
1011000010

2
00
01

1
0

1
1

6
110111
000100
111011
101100
000111
111111

1
0

7
1010000
0001100
0111011
1101100
0110011
0010000
1101010

4
1001
1000
1110
1010

5
10111
01010
00011
11100
01011

1
0

2
01
11

6
110000
000101
010001
010000
001101
000101

9
001010000
111010010
000000001
001111010
101111110
101100010
110011011
000000000
010110001

1
1

10
0011100100
0011011010
1010001100
0111101110
1001101011
1001011111
0101011000
1100000011
1110101110
0000100000

3
000
100
000

7
0101110
0001011
1111010
0000011
1011011
0000111
0001010

2
00
11

5
01111
11110
01000
11010
00010

3
101
011
101

3
101
101
100

5
10111
01010
00100
10110
01101

4
1100
1010
0011
0000

3
111
011
011

4
1101
0101
1110
0111

4
1000
0011
0101
0010

4
0100
0000
1111
1101

7
1000110
1000101
0110110
1011101
1111011
1101111
1001101

3
101
101
110

7
0111110
0100111
1000101
1010100
0111010
1000010
1101110

7
1111001
1010010
0000110
1101000
0000001
1011110
1110100

1
0

2
11
01

9
000101000
101001100
100111001
110011000
011100001
100011000
000100011
100001111
110001110

4
1000
1000
1010
1111

10
1111110100
1100010100
0100111001
0001001101
1011111100
1100001000
0010101100
0000010110
1011000010
0011110011

5
10100
10110
00100
10010
01000

6
111111
111011
101100
010101
100110
110110

6
010100
100000
100101
101000
101011
001101

2
00
10

9
100100111
010000101
110111111
011110010
010010101
011000110
010000100
010011111
010011001

9
110010011
110110101
111110010
010001111
111001110
001011011
000011110
100100111
000110010

7
0000100
0010101
0010100
1011101
0111110
1001010
0100100

9
000110011
000100111
011010001
110001010
110100011
010001111
100110100
110000101
000100111

2
01
11

5
01000
01001
10010
10111
11010

8
11011100
00010000
00101100
11011010
01001110
11000110
11100000
10100110

10
1101001001
1110111100
0001101010
1110010100
0001001101
1011010000
0000110101
0000100110
1011101001
1001011011

8
01111000
11011001
10001110
01010101
01100101
00001100
10110111
10100100

1
0

5
01110
01011
11000
11110
10101

5
11001
00110
10000
10100
01001

6
000101
111010
101110
010110
010111
010110

6
000111
001010
111100
101101
111110
000111

2
00
11

6
111001
101111
111101
101000
110000
111101

3
001
000
110

1
1

9
001100011
101011010
001001011
110010001
101110011
010000000
111101001
110000011
111110110

3
010
111
111

9
010000010
010111110
110000111
011111110
011110010
111011101
011011010
110000101
110011011

1
1

1
0

7
1010100
1110101
0110001
0111110
1010010
1101010
1101001

7
1111001
0010110
0011000
0010110
1000110
1011101
0101011

8
01010011
01010100
11011011
01100111
10001001
10101010
11101111
01011011

5
01001
10100
11101
11100
00110

4
0101
0010
0100
0001

1
1

4
0010
0010
0111
0111

2
10
01

7
1011101
1100001
0110101
0100100
1000101
1101111
0111000

4
1000
0110
0011
0010

5
11011
01000
10010
11000
11001

3
010
010
101

9
010011110
011110010
100101110
000010101
101000001
011110010
110110100
110100000
001110000

5
01011
11111
11110
11011
11000

2
11
00

7
0000010
0101000
1011110
1101110
1100101
0010010
0001010

2
01
00

8
00010101
00111100
01000111
11000001
10001000
00100110
01111011
00101010

7
1110111
0000001
1000100
1111011
1101011
1110010
1101100

7
1100100
1001100
0001010
0011011
0111100
1101110
1010000

9
101001000
100110111
101111100
010010011
100111011
101111000
000000100
101000101
011111011

7
0100010
1111000
1101110
0101011
0110110
1000001
1011001

6
011010
010110
110111
011001
111110
001111

3
001
101
001

5
11110
11000
01101
10000
01100

7
1100001
0110011
1001010
1011100
0110010
0011000
1110101

4
1101
0101
1011
1101

8
11011011
10011000
01111100
00111111
10101111
10000111
00111110
00011110

10
1010011101
1110000011
1111001011
1111101000
0010001101
1100100001
1100011001
1111111001
0100100011
0101010010

9
011001110
110111110
101110001
000101111
110111010
010101111
000001001
110100001
100110110

3
100
110
000

10
1011101010
1011010011
1011111101
0101010001
1010001101
1101010011
0111011000
1110110000
1101001101
0100010100

10
1110001000
0100110101
0000010010
0111001111
0010000011
0101000110
0110010111
1110001100
1001001111
1001110011

1
1

9
100000001
110010011
011011010
111011101
010010100
101111111
011000100
010011110
101110100

6
111001
001000
110100
000111
010110
111111

8
00001010
01111110
01101000
11001010
11111011
01001111
01100100
10011110

4
0100
1100
1100
1001

8
10110001
01100100
10010011
10110011
10101111
11001000
11101101
11110100

4
1101
1101
1010
0011

5
00110
10100
11100
10111
00100

9
001010100
100000000
111111111
010011111
100111100
001101010
111101110
010000001
110110011

1
1

2
01
10

1
0

8
00110010
11011101
10111111
10111100
11101110
00101001
01101001
00010101

1
1

8
10100010
10111101
01011011
01101110
01010011
00111001
11111010
10110011

2
00
01

5
10110
00000
10011
10101
10101

8
10100010
01100010
11100101
00011110
11011011
00000011
11110101
10011001

5
10000
00000
01010
01101
01101

3
001
011
111

4
1110
1111
1110
0001

7
1000110
0100110
0001100
1011011
0000111
0001110
0011011

2
01
01

7
1111010
0110110
1100101
0010000
0010101
0101101
0100111

9
010001111
100011000
001110101
110101010
001101110
101111001
000010100
101000100
010111010

5
01010
10110
01101
11011
11010

5
11001
00100
00101
10101
11110

5
10101
01010
11101
10110
01000

3
011
111
110

10
1110001011
0001010101
0100011010
0001010101
0110001100
0010011000
0110101010
0101001111
0101000001
0100011100

6
001001
010110
100001
111110
001101
001000

6
010101
001010
101101
100100
101111
100000

9
111101111
110110011
001110011
010111110
110011011
101110100
010010101
100011100
100000111

4
1101
0111
0000
0011

1
1

4
0111
1001
1100
0101

4
0100
1101
0010
0110

1
0

8
01110001
01001000
10001011
10011110
00001110
01100011
11000000
01100111

4
1111
0010
0100
0011

2
01
01

6
001100
011000
111111
100010
111010
001111

3
100
000
000

8
11100101
01101111
01001001
10110001
10110111
00000001
00110111
11000111

2
11
10

5
11111
01010
11100
00001
11100

2
11
11

9
101101100
111110011
110010010
111000101
010011001
000110010
101110110
100011011
001101001

1
0

6
010100
001011
000010
010010
110011
111111

4
0001
0001
0100
0001

2
01
10

8
10100011
01111000
00001100
10010100
00010011
10000010
10100011
10010101

10
1100000010
1011000110
0111111111
0100000100
1110100011
0100011101
0010010100
0010010100
0101101001
0010010100

5
10001
01001
10010
00100
11001

4
1001
0011
1000
0111

5
01110
01010
01100
10000
01101

5
10000
00100
01101
01001
10010

9
110010111
011100110
001001110
011000000
101000101
010010101
110000010
010101010
010101111

7
1110111
1000010
0011010
1100100
1111011
1101011
0011011

9
101101001
011011111
010010010
101011010
111100101
010100011
011110010
111100100
000101010

3
001
000
111

1
0

7
0100110
1100010
1111000
1111001
0011111
1101011
0011101

8
01110110
11000000
00111110
11000111
11100001
11100111
11111101
11100100

1
0

3
100
000
100

8
11111001
00101010
00110110
11001011
10001010
10111010
01000001
10001101

8
01001101
10101011
00001111
00010001
00010011
00111010
11100100
01001001

10
1101100111
0011010000
1000011001
1000100100
1010011100
1111001101
0111000111
1011111110
1010100010
1000000101

5
01000
10111
01101
00011
01100

5
00011
11101
11110
00100
00011

3
011
111
101

10
0100011100
1101010011
0111000101
0001010010
1111001111
1111000010
0110010110
0101100110
1110101000
1000100110

2
10
10

5
10001
10001
00111
01100
11001

1
0

10
0011010000
0010110101
1100011000
1011100011
0001010101
1110101011
0011011101
1010011001
1011110010
1100000011

7
0111100
0111110
0001001
0111011
1111110
0100001
1111111

2
01
01

3
100
111
001

8
10011001
01100000
00100101
00010111
11111110
00100100
10111111
10001000

3
100
111
011

2
00
10

3
110
001
001

7
1101001
1011100
1101111
0111011
1001011
1010001
0111010

3
011
110
111

4
0011
0011
0110
1001

2
01
10

1
1

2
01
11

5
10100
01101
10101
00001
11100

4
0000
0100
0010
0101

5
10011
10000
01001
11010
01001

2
00
11

2
01
00

10
0000111001
0011000000
0111111101
0100101110
1011111011
0010100111
0000101100
1111000000
1001000011
1001101110

5
11101
00010
00010
11000
01110

8
11000001
10100101
00110010
11000101
11001000
10100000
01101001
01000000

5
11111
10100
10100
11011
01100

8
11111010
01111100
10010101
11100101
10011010
00100001
10010100
10101101

6
001010
000000
001101
001110
011010
010010

8
11111011
10110010
10010011
10100001
01101000
00011111
00100110
00001000

3
110
010
000

2
00
11

4
1001
1010
1101
1001

9
010011010
100010111
100011000
000011010
011100110
010110000
101010101
001100010
000000111

5
10001
00011
01100
11001
01101

7
1001000
1101111
0010001
1110001
0110101
1100011
1010011

2
10
11

10
0111001011
0011001001
0000110110
1011011001
1011001111
0111100111
1101011110
1011100000
1110100011
1010111001

4
0000
0100
1101
0000

9
110000001
001010001
010011010
110101110
100110111
001101000
100101001
011111010
010110010

2
01
00

9
001110000
011111010
100100100
100000010
010110110
001110010
100100110
000011011
011101111

2
10
01

2
11
10

3
000
000
110

1
0

3
111
000
110

7
0011100
0010110
0111101
0000010
1100101
0000110
1011010

9
110110001
101101010
110011101
000100111
110001010
111111000
011011000
010010011
011000111

1
1

6
100011
001101
000011
010000
010111
100001

4
1100
0111
0011
1100

6
010100
111111
101110
101011
011100
101111

2
10
00

7
1001111
0011001
0001000
0110010
0011100
1011000
1100010

10
0001100011
0110010001
1101000101
1101000100
0101010110
0001010101
0010000010
1110100011
1110111001
1000101100

7
1000111
1100000
0100111
0000010
1001110
1111110
0101000

7
0111101
0101001
1101000
0111101
1101100
0001101
0100111

8
10110001
01001011
10011101
11110000
11011010
11100110
11001000
11111101

8
10101110
00101110
11001000
11101101
00000100
00000110
11000100
11011010

9
101100001
011100000
110111011
101100100
011100001
011100011
010011110
111010111
100111110

9
000110000
001011010
111111000
100010011
110111100
101011111
101010000
101101100
101111001

2
01
11

3
000
010
000

7
1010001
0011000
0101100
1000110
1001001
1000011
0101011

2
10
10

7
1101110
1011011
0100010
0000001
0111101
0110000
1111111

7
1011001
1110000
0011100
0010110
0010100
0000011
0110010

3
111
000
100

7
0000101
0101001
1110001
0010011
1110010
0101001
0000001

9
101100100
000010101
100010000
001010010
111001011
111100111
011001111
001010010
111000010

5
11011
10111
00101
10100
01000

2
01
11

10
1010110100
1010011111
0000111101
0001111011
0001101110
1011000100
0110111011
1101111101
0010110101
0111010110

2
11
01

5
00001
00111
01111
11110
10101

2
01
01

1
0

2
01
10

5
11110
00001
01100
00101
00010

2
01
00

7
0111111
0011110
1001000
1000110
0110011
0010010
0110111

7
0010101
1101110
1000010
1111001
1000111
1010001
1001000

6
011111
001010
010101
000100
011010
110101

8
00101011
10001001
11000110
11000010
00000111
10100011
10001000
00100000

5
00110
11011
10010
00100
00101

1
1

6
011110
010101
010100
111010
110011
111101

6
101111
100011
111010
101011
100111
011001

9
111010110
000101001
110011100
011110101
000010010
110110111
011010100
000111101
111111011

4
1000
0011
1011
0010

7
0011100
1011001
1111100
1010000
0101000
1010101
1110100

1
0

6
011010
011101
110001
000010
110110
100110

3
100
001
110

2
00
10

4
0111
0000
0001
1101

10
0111100001
0111010010
0100001000
0100101011
1101001001
1011010010
0111011100
0001100000
1101001100
0011111000

3
010
100
011

6
101111
100111
011110
010100
001111
010100

5
11100
00010
10100
10101
10100

6
111010
111000
110000
011010
110000
011110

1
0

10
1101100100
0100110111
0010000011
1000100110
1001011110
0100001101
0110110110
1011111100
0100110111
0110000011

2
11
10

10
0111011001
1101111111
0111011100
1101100100
1101110111
1100010101
1001011001
0011100001
0100011011
0110000101

8
01010101
11111111
10001000
11010011
10100001
10101010
11111000
10111010

10
0010111111
1010110100
0111111010
1001100100
1010010000
0101011100
0111000100
0101000100
0100101100
0101111001

4
1100
0101
0110
1011

4
1011
1110
1100
1111

4
1111
1010
1000
0010

3
110
101
000

9
000011110
000111001
001001100
110101110
100011001
110101010
011000011
101101000
011110110

2
01
11

6
001100
110010
110001
010000
000010
000010

4
0110
1101
0110
0111

8
10101100
01001100
00101011
01111110
00010110
01110010
00110101
01110100

5
01000
11001
11111
01000
10011

3
011
000
110

4
0001
0010
1010
0010

2
01
01

6
110001
000111
010111
111100
010100
100001

10
0110000001
1100111010
0001011110
0110101111
0011100010
1101000011
1000100110
0000111100
1000011000
0011000001

8
01111100
01000110
01010100
11011110
01100001
01001010
11101110
01110111

5
01000
00100
10000
01101
10100

9
111001001
000100001
000111100
110011011
101110111
101011110
111101101
000001001
101010011

9
010001000
110010100
010111000
111100110
010100111
011100101
011111010
111001001
111010010

8
11001001
00110000
11100010
01001010
10001101
11111011
11111000
01100010

4
1101
0011
0000
0010

4
0010
1011
0111
1110

5
00011
01011
01101
01111
00000

8
00010010
01110000
10011101
00001011
11100000
00010101
11111101
00110101

5
11110
00011
01110
10011
11010

7
0001110
0101011
0110011
0111010
0011000
1001010
1111001

1
1

8
10000001
01011000
11001111
11111000
11001100
11011101
00101100
11110100

7
1110010
0010111
1000011
1000101
0100000
1111111
1010100

7
0111101
0100101
0101001
1100100
0001011
0111111
1100101

10
1101001100
1000100001
0111000101
1111010110
0000011010
0100011000
0100011101
0100001110
0011110001
1011100101

5
10010
11110
01101
00001
11111

3
000
100
111

8
11000100
10110111
00110111
01110011
11100101
01011001
01000110
01001001

9
011000101
110001011
010010110
101001011
001111111
100110110
001111111
001001101
011000011

3
110
011
110

4
0101
1110
0101
1101

1
0

10
1000100111
0010100101
0110111100
0000011101
1100101010
1010011010
0011101010
0100000101
1011011010
1001111111

5
11001
01110
00011
11111
01100

8
10000010
01110101
10010111
01011000
00011000
11111011
00010010
11001000

8
10111000
00011011
10000011
00000110
00110111
00000011
01010011
10001100

7
0111110
1100110
0101101
0000011
0101000
0111010
1101100

6
110100
100110
010110
101110
001010
110111

8
01110000
01100010
01000110
10100100
00100001
00101101
10101100
01111011

9
101110011
110001010
010011011
010000001
101100001
001010111
100000100
001001010
101100100

7
1110011
0100110
1100111
1100001
1100110
1101000
1001010

6
010010
001111
000001
011011
000000
011111

1
1

6
011000
001110
011000
110100
100011
000111

2
11
11

2
01
00

7
1010101
0001101
0001101
0011010
0110100
0001011
0101110

5
11010
01001
01111
01011
01010

6
011110
001111
010111
010110
000110
011000

10
1100011100
0100110010
0010001010
1100011100
1100110110
1100111111
1001001000
1101011111
0100110100
0001001110

4
0001
0110
1110
0001

10
0100001101
0100000100
0001101101
1111101001
0101100001
0000010000
0011001000
0100010011
1101110010
0111001111

4
0000
1000
0111
0100

8
10110110
00110000
11000010
00011110
11100000
10010111
10101100
01000111

4
0000
0110
1001
0011

6
110001
100001
000001
010111
011000
011110

1
0

9
010010001
100101011
100011001
001010110
100011010
100010011
111010011
000010001
011010000

6
110011
111100
110001
001110
111010
000101

4
1000
0000
0110
0100

7
0011101
1011000
0101111
1101000
0010111
1111010
1010101

10
0000100100
0010100101
1000100101
1001000011
0111010001
1011110011
0101101011
1110100000
1100101010
1110111011

7
0001010
0110110
0001001
0010101
1000100
0100001
0010000

10
1110000010
1100010001
1010011000
0000100100
1100101010
1010110101
1100001001
1100010100
1001111000
1100100001

9
101101111
001100011
110101100
110001000
101111010
001111010
001001100
100110001
001110101

5
01001
00011
00111
10011
01010

10
0011001101
0110010100
1011011011
1011000110
1010100111
0100011000
0110100010
1000001000
0011000001
0110101110

9
010110001
011111101
000111111
001011111
000000010
010111000
011100011
010101111
011100010

2
00
00

9
010101101
001000110
010011111
100110001
111101101
011110010
100001110
101110001
101011010

8
00010110
00010001
00011101
11000001
10101000
10100110
11010000
11111111

