784
2
10
10

6
001110
010101
001000
001000
110001
010100

4
0101
1011
1101
1000

1
0

10
1000000000
1111010001
0010100110
0100000011
1010110001
1110111010
1111101011
0011000100
0001000101
1001011100

10
0111110101
0000100101
1011001001
0010101111
0001110110
0110001101
0011011001
1101000110
1000001101
0011000011

2
01
10

10
0011000101
0100011101
1010000100
1110110010
0010110110
0100000001
0101000100
0000101100
0110011110
0101111000

2
00
10

6
110110
110101
001111
111000
110101
110000

5
10111
01011
10110
10010
01110

6
101000
000101
010001
111111
000111
011100

10
1110100101
1011111110
0010000011
1011111001
1001000011
1001110111
0011100110
0111111011
0001000101
0000110011

10
1011000110
0011000101
0110111011
0011011101
0101110110
0111101111
0000001010
1100110100
1011101111
1111001110

10
0001000101
0001111100
1111010010
1100011110
1011000100
0011111100
0111101110
1011100110
1001111101
0111111010

10
1101100101
0111100100
1101001000
0111000011
0001010010
1101001001
0110101110
0011001011
1011101010
1101000000

5
10100
00001
10100
10110
10001

1
0

8
01101011
11011010
01110001
00100011
00010110
11001110
00101001
10111110

4
1111
1100
1111
1101

2
01
00

7
0000001
0101100
1001101
0000110
1000011
1110011
0011110

1
0

7
1111100
1100110
0100101
1101011
0010010
1100010
1011011

7
0100000
1111101
0101110
0101100
0101011
0001111
1100111

1
0

5
10011
11000
10101
00111
01001

1
1

9
010100001
010000110
111101101
101011101
001101100
000010000
011000011
101010100
000101010

5
01101
11110
11001
01110
01001

6
100001
110101
001101
100010
100010
100000

9
000011110
110101100
001010111
101101010
001100000
100100010
110001110
001001110
011011000

3
010
101
011

4
1000
0101
1101
0101

2
11
00

3
001
011
010

6
110101
001100
011001
110000
010100
010001

10
1001000110
0110110001
1100011111
1000101010
1000001000
1001000001
1110010001
0010110101
1110110001
1100001000

2
00
10

3
000
110
011

10
0101010011
1101011001
0101001110
1011100001
0111101111
1111110100
1110001001
1011011100
0100100000
1111101011

3
110
111
000

2
11
01

1
0

6
111011
011000
011101
111100
110100
101010

2
10
01

8
11110000
01001110
01110111
00001110
11101000
00011101
10011110
01111001

5
11101
01000
01110
00011
10010

3
010
010
100

4
1001
0110
1111
0111

6
110101
010010
110100
110101
100110
110111

2
11
10

3
001
001
100

7
0110011
0011000
1010111
0111100
0001001
1100010
1101011

7
0100011
1000001
0100111
0111100
1011000
1100110
1110010

6
010111
100001
100110
000010
011001
010110

3
111
000
100

9
100111011
111010001
010110000
100011110
000100001
010000001
001011100
000110010
000100011

3
010
001
101

4
1100
0010
0010
1010

9
001001011
100011100
101000110
110110001
000000100
110011010
010011001
001001100
101010101

10
0110000110
1111101110
1110001001
1001010110
0010000000
1001111110
0100111110
0010110110
1000010001
1000000001

4
0000
0110
0100
0110

3
101
101
101

3
111
000
110

3
101
000
110

7
1110110
0010010
1110010
1110010
1100010
1110011
1110010

10
1000000000
0011101010
1010100100
0010100011
0111100010
0110101010
1010111110
1111001101
0101110000
0011001011

8
10000000
11101000
01110011
01111010
01110000
00001101
01001001
11100011

3
101
101
010

8
01110010
10100011
11001111
11101000
01111010
11000110
10001000
10100000

10
0100101001
0110101001
0011100111
0010110100
0010101001
1000001100
1001110011
1011010101
0001110101
0011010111

10
0010110100
0001101101
0011010101
1111011110
1100000001
1111111001
1000000011
1111010110
1010010100
1000100111

7
1000011
0010110
1011111
1100111
1101110
1110000
1000011

2
01
10

4
0011
1000
0100
0110

1
0

1
1

2
10
00

7
1001111
1010101
1110100
1001010
1101001
1101011
1011100

1
0

1
0

7
0111110
0000000
1100101
1000101
0101111
1101101
1001100

8
10010000
00000001
10110010
00110010
01000001
10100101
11110100
01100010

9
101001010
100111010
010000011
010001000
110110100
000100110
100110010
111010010
110011101

2
10
01

5
01110
11101
11000
00111
01111

9
111001100
010100000
101000100
001111010
100101101
000111000
100011101
110000100
001101011

1
0

8
10000100
00101001
10110001
01010110
00010000
01011001
10010000
10111010

5
00001
10000
01101
11100
11001

8
10111011
10001011
01001000
01110000
11000100
00100111
00111110
00111100

5
00111
00000
00001
10100
00111

8
00011101
11001100
10011100
10101010
00011001
00010001
01001011
10101100

3
101
000
010

6
001101
000101
100010
001010
101111
101000

5
11110
10001
01011
00010
11010

6
111110
011001
100001
011101
001110
010010

6
000011
000001
101011
000111
101001
001100

6
001001
101000
000011
010010
100101
001010

9
010000111
110101110
111010000
110101100
010111011
010101110
010101100
100011110
111010101

10
1001000011
1001001010
0000011001
1000111110
0101010011
0100110111
0010011011
1011100111
0000110000
0000001000

7
1110100
0100001
1111011
1111010
0111010
0100111
1010000

10
1101100011
0011111001
0100101001
0010001111
0100111110
0011100100
0001011100
1111011101
0000101100
1011111000

2
10
11

6
010001
000000
011100
001100
000011
010010

6
111001
001010
011111
010100
111110
111001

8
00101001
11001110
10010011
00010100
10111100
11110011
11001111
10100100

3
110
010
011

3
110
000
101

4
0100
1010
1011
0110

3
000
111
110

5
01010
10010
00111
00111
01000

9
010110101
001001010
100000011
101010000
001100101
001001110
101011011
001111110
000101111

8
00101000
11000000
01000011
11101000
10011111
11101111
01100111
01011100

8
11001010
00011101
10000101
10111010
11010100
11110111
01000001
01110110

4
1011
1111
1100
1110

3
010
111
001

3
011
101
010

2
10
11

5
10101
10011
00111
01100
10001

6
101111
110011
001011
111110
001000
111011

6
110100
011101
001100
100100
101101
100011

3
101
100
001

7
1011111
0101111
0101011
1101110
1001111
0111001
1111100

7
1000111
0011011
1011110
1111001
0110001
1001010
0000001

4
1101
1010
0100
0011

8
10110000
00010110
01011000
01010110
11000010
00111000
11100011
01000101

9
000111001
010100110
111000111
101000110
010111001
011011101
101011111
100110111
110101110

3
110
101
011

8
10110101
11101110
11111011
10101110
10011000
11011001
11010100
11001100

6
011100
101111
110111
100001
000100
110111

1
1

1
0

1
1

9
111101110
001101001
010011110
100001100
001101001
011011011
100011000
110110001
101000111

1
1

2
01
10

3
001
000
110

1
1

6
100101
011000
001011
001001
111101
101101

1
1

3
011
001
101

9
000010101
100111100
011011001
011011011
111011101
101011010
111000010
010110011
110101011

6
110101
110001
001111
001011
101110
101001

3
000
111
000

2
11
10

5
00101
11111
10111
11110
00111

3
000
101
100

3
110
101
101

7
0000101
0110001
0110110
1010111
1010001
0001000
0011111

1
1

8
11011011
10000100
00111010
10010101
10100000
10111011
10100100
01011101

6
010011
010101
101101
100100
100111
110100

8
11010011
01001111
11001000
11101110
10011011
00111110
01110001
01110101

5
11110
01101
01101
11000
10111

2
11
01

10
0011001000
1010010000
1011000000
1010111001
1111011110
0100001111
0001011100
1110011110
0000011100
0011111000

8
01100001
01111010
01111011
01001001
10001110
10110001
10011011
01011001

3
001
111
011

7
0011010
0000101
0101010
1111100
0101110
1010110
0101101

9
010111111
100010000
011100101
111010111
000100111
111011011
010100110
110011101
101100010

1
1

2
01
01

9
110001000
000111111
110010100
010011011
110100101
100000100
101100100
111101010
110001010

8
01100110
01110001
10101011
11000011
00101100
00011000
11011100
10011000

5
10100
11110
01101
01110
00101

5
00110
01011
00100
01101
10011

7
0001110
0110011
1110100
1100100
1100010
0101110
0011111

8
11011001
10110010
10011111
00101010
00110110
10000101
11110001
01100001

5
10101
01110
01010
01111
00100

4
0100
0110
1010
0001

1
0

9
110101000
011011011
010010001
001001100
010101100
011000001
100101011
100001001
101001011

4
0010
1111
0110
1101

4
1000
1011
0100
0011

3
111
001
111

1
1

6
000000
001101
011111
101101
100011
101000

5
11111
01010
11110
10011
10100

3
110
011
010

8
01000011
10011100
10001001
01001101
10110101
11010000
00110011
01110011

5
01100
10000
11101
10001
11111

9
010011011
101101001
101100110
101100101
110011111
010011110
001000101
001011000
000011101

1
0

4
0000
0111
0111
1010

7
0000011
1010111
1011100
1001011
1101010
1011110
0101010

4
1000
0000
1110
0001

9
001001000
111111011
001011001
110111011
011010010
000101010
000111110
101101111
000001011

5
11000
01110
00001
11111
01011

1
0

10
1011010111
1001110101
0010100111
0110110111
0111111100
1110001011
1001011001
0011001101
1111000101
1000010110

3
010
111
001

3
100
101
010

8
11111111
10100101
10111101
10011001
01010010
11011000
11010010
11111101

10
0011101110
1100001111
1010010111
0011000010
1010101101
1010110110
0010100110
0101010111
0001001010
1000110110

4
1011
0001
0001
0111

3
101
011
101

8
01111111
01011111
01111110
11000000
00011011
00101111
11011101
00001010

5
01101
11110
10111
11011
00101

1
1

6
111100
101000
010111
001001
110100
011110

6
110110
000101
001001
011010
110010
110011

4
0110
0001
1110
0111

9
010010010
101101110
111000111
111001000
101010011
110010111
001000011
001001001
010001000

8
00000110
00010000
11101111
11011001
00011001
10100000
11100011
10000100

4
1100
0010
0000
1111

9
101110101
001010100
101101110
100111001
110000000
010001001
110100110
001101000
110101010

2
00
00

8
01111011
01100001
00111111
10010011
01101011
11001111
00111101
00011001

2
10
11

2
01
01

9
111010100
010010111
001000000
111101101
100000000
010100001
010100111
001111110
001111111

3
111
110
000

8
00100100
01111110
10000011
10000110
01001000
10110011
00110010
11101011

10
1010111110
0101110101
1011110110
0000011111
0010111110
0110011111
1010110110
1111011111
1100011100
1110101111

6
111001
101111
110110
000010
100001
101001

4
1001
1110
1100
1100

9
010000111
101111111
110100010
111010100
110001100
110111111
110101111
001010101
111110000

2
11
00

5
10101
00010
00100
01111
10101

8
11010101
00010010
01000100
00010101
10111101
00001001
00110010
11110001

5
10110
10011
10111
10011
01100

6
110010
011000
111000
000101
010101
100001

2
10
00

4
0010
1111
1000
1010

5
10010
01101
11110
11111
10101

9
101001100
111111111
010100010
100011111
001000011
111001110
000100110
010100110
001001111

5
11110
00011
10000
00010
10101

3
101
101
110

2
01
11

7
1010011
0100110
1000111
1010001
1010001
1011001
0001010

7
0001101
1111010
1000001
1011110
1001110
1011000
0101111

7
0101100
1110110
0101011
0101100
1111011
0011111
1000111

1
1

10
0100010011
1100111001
1000110111
1110010111
1010010001
0000100010
1011100000
1100011100
0110001001
1001111001

6
000011
000000
101011
101001
100001
010000

2
10
10

8
01001000
10010101
11101000
11010010
11100100
00110111
01110100
11110001

5
01101
01100
00010
01010
10100

8
00110111
01011011
10101001
00010111
11111010
01001000
10101110
01000011

7
1101001
0001101
1010001
1000011
1000110
0010001
1010010

9
100001001
000001111
010101111
100011110
010010110
110100010
101001010
001100110
100110011

4
0100
0101
0111
0101

8
11010011
10011111
11110010
01100011
10101101
10001111
10110001
00000011

3
010
111
010

4
0001
1010
1011
0000

7
0011111
0100011
0011100
0101011
0001111
0011010
0000011

2
00
10

4
1011
1000
0010
1011

7
0100000
0110001
1110100
1100010
0011010
1011110
1000101

7
0110000
0000101
0111010
0110001
0100011
0100001
1011110

7
0110011
0011011
0100001
0101001
1101000
1010111
1010110

6
101011
011010
111001
100000
000001
111000

6
001000
101000
101100
010100
101110
001111

1
0

5
11010
11001
01100
01110
01100

2
01
01

9
011001010
110110110
101111000
011111111
011110100
000001011
101010101
001000010
001011011

8
00111110
11010010
11100011
10111111
01101101
11001100
11010010
11101000

7
1100111
1010100
1011010
0000111
1010110
0110110
1001110

4
0010
0100
0101
1101

4
1101
0100
1001
1111

10
1100000110
1110110100
1001010000
0111110011
1011110011
1011100100
0101101011
0111011011
0100111110
0110100101

5
01111
11011
11100
01001
00100

3
100
101
100

2
01
00

5
00111
00001
10010
11111
00001

8
01000000
00001110
01110110
01101101
00111000
01101010
10001011
10000100

2
00
01

5
00110
01100
00100
01110
10001

7
1110000
1010111
0001110
0100010
0111110
0001111
0111011

7
0100100
0001000
0100010
1001001
0011110
0000010
1101111

4
0010
1001
0000
0010

8
10101101
11011011
01001010
11010011
01000010
11010011
01111011
00001011

5
10100
00101
11001
10111
10010

10
1110001110
1110011011
1101001100
0110110101
0101111110
0001110011
0111001011
1111100001
0000011101
0001001100

8
00100101
01100010
01000001
00000011
01011100
11110111
11010011
10000111

3
011
111
100

3
011
001
011

10
1001000110
1011101100
1100001011
1011100010
1111111111
0001100011
0001011100
0010111010
1101101010
0001011110

6
010010
010000
010100
110010
000001
010101

2
00
11

7
1000111
0110111
1011110
0000000
0011110
1001110
0000010

9
011100110
001001110
100000100
110000100
011111011
001111011
110000001
101011001
110010111

9
111001000
101000111
100111001
001011010
000110100
101001000
000100011
000101000
100101110

8
01101010
10110110
00010110
01010111
10010100
01101110
10001011
00100111

2
10
01

5
10111
10001
01101
00010
01111

7
1010111
1101101
0111111
0001100
0011111
0101101
0110100

8
11001101
00000100
01100001
01011101
00111101
11111011
00111000
11001101

3
011
100
000

2
01
01

6
000100
000011
000100
100110
010101
001100

10
0100110111
1101000010
0001010000
1101001100
1100000001
0001000011
0000100000
1101010110
0001110001
1110111100

2
01
00

8
11011001
00110111
00100011
01001100
00111100
00010100
11001111
10010010

9
101100110
000011011
000011111
110001011
101010000
100101110
000010110
111001000
011001101

2
11
10

4
0111
0100
1010
0110

1
1

4
0001
1000
1001
1001

6
011111
011010
010101
010010
011000
101110

10
1011111001
0000000011
0001011110
1010000011
1010000100
0111111011
0110001011
1010010011
0101010101
1010100100

2
11
10

2
11
00

10
1001001111
0011101010
0010100111
0001101001
1101010001
1001011100
1100101011
0011000011
1010100101
1110100110

4
1000
0111
1011
0111

2
10
00

6
100111
101101
000100
010011
110001
100111

10
0101111000
0001000110
0011011010
0101111000
1001000001
0001000110
1010100100
1100101000
0011110110
0011011010

9
000101101
100000101
101011010
000111000
101101111
100010110
000100101
110010000
110000011

7
1111111
0100111
1000111
1000000
1011110
1000100
1101001

4
0000
0101
1001
1000

6
011101
001100
011100
000111
000000
001110

8
11101100
00101101
00101110
01111111
01101100
10011100
10101110
01100101

1
1

3
001
010
101

4
1000
1001
1111
0100

7
0111100
1001111
0001000
0101011
0011100
0010000
1111101

10
0100100010
0011101101
1101110001
1110010110
1001110001
0110101010
1110101100
0101001011
1001101111
0010000101

6
101010
001110
000011
011101
100010
111101

9
011000111
010001110
011101010
000111010
100010111
101111000
111111000
101101000
110011111

5
11011
11000
00101
01001
10010

7
0100001
0001010
0011100
0101110
0111110
1111010
1110111

3
100
101
000

7
1101000
1110111
1001100
1101010
1111100
1001011
0011001

9
101000010
001000000
010011011
111111111
110001011
101001010
000101011
001001100
010101010

8
10000101
00111001
10010100
00001100
00011010
01101100
10000001
10110000

3
010
101
010

5
00111
00010
00100
11010
11000

4
0010
1011
1011
0111

5
00001
01100
10111
11010
11000

1
0

9
001101100
010111011
001110000
011111000
001000110
001100010
001001011
100010111
000100100

6
011100
111101
011111
100001
101100
100011

9
010101011
101111011
110000010
111100100
011111111
111111101
000000010
010111000
011110110

10
0101101011
0010110000
1011000100
1100000101
0010011111
0101111110
0100100001
1011000111
1001101001
0100111000

8
10110010
01001001
10111100
00100010
11101011
11010000
11101001
10111011

4
1101
1000
1100
0001

2
10
11

8
10111000
10001001
11100010
11000100
00100110
01110011
10111011
11010100

3
011
011
111

7
0110111
1000000
0011010
0000101
0011101
0010110
0110001

5
01100
11011
01010
11110
00101

2
01
01

7
1011000
0010101
1111100
0000001
1000100
1001101
0011011

10
1100001000
1110000010
1011100010
0110010111
1000111111
1011001001
1010000111
0100110111
0000011000
1110101100

1
0

1
0

4
1100
1110
1001
1011

1
1

5
01001
01010
00111
01110
11100

8
00000001
00100111
10110000
01000010
11010010
00000100
10101011
00101010

10
0100111100
1100011000
1111010110
1011101101
1000000110
1111000010
1110100111
1101011001
1100010011
1010011001

7
0010011
0011111
0001110
1010101
0110000
0110011
0011110

9
011011010
101001000
111110111
101011100
011010101
100111011
100000101
010010000
000101011

4
1101
0010
1101
0110

5
01000
01101
11101
01010
11001

6
011011
100000
010110
000101
001011
001100

4
0001
1111
0100
0000

1
0

4
0001
1010
0101
0100

10
0101011000
1110000000
1011101101
0101001000
1111111111
1010111101
1100001101
1100100000
1010010010
0100010001

5
10101
00010
11011
00100
00000

9
000101001
010000011
101010010
011100101
011111011
010001101
111010011
001100010
100101011

3
001
111
001

2
01
01

4
1100
0001
0001
1000

8
10100010
01010011
00011100
10100101
01101000
00111100
11011100
01100101

7
1011000
1001011
0000010
0100100
0100110
0010011
0011010

5
10000
00001
01011
11111
11110

3
000
101
111

1
0

3
110
111
010

4
1001
0111
0100
1001

7
0101110
0010101
0001110
1001111
0110100
0011101
0100001

3
001
111
011

8
10110011
10011011
00100010
00100111
00000100
00101000
00000000
00001010

4
1100
0110
1111
0001

2
00
00

6
111000
000110
001111
011000
011100
001111

8
00101001
01010110
01111100
11001100
11100110
11011110
10001010
10001111

8
00010100
11011101
10101001
11010100
10111001
00001010
00111001
10100111

7
1001011
0000001
1011011
0111011
1011110
0110000
0101010

6
111111
011010
110000
101011
011011
101001

8
10100111
11011000
10101110
00010100
01101111
00100011
10000111
01010010

4
0000
0011
0100
1001

9
001111100
001101001
111010010
100010011
010100101
110010011
101011110
010100100
010100000

4
0010
0100
1101
1111

9
100111100
011010111
010001110
010011110
110101000
010000011
110000100
100101011
111010001

6
000010
011011
101000
101101
101111
111100

8
01101011
01111000
10110000
10001010
01001001
00001111
00111100
01011010

10
0111111100
0100111001
0000101011
0010110100
0110111111
1110110000
1111111110
1010111011
1001001001
1110110101

7
1011110
1000011
1010001
1000010
1011011
1000111
0000011

6
111000
111000
000000
010111
110000
010111

4
1001
0100
0111
1011

4
1011
1010
0011
0111

8
01110000
01001000
11000011
11110010
10101101
01111001
00100011
01001110

9
001011111
110101010
111100000
101111100
010100011
000101110
010101101
001110011
001100111

3
110
100
000

5
11100
01100
00101
11101
11110

9
110100111
101111101
001000011
010101001
001011111
111110001
000100110
101001110
011101011

6
111101
001100
101010
101010
101101
001000

9
011111100
000110000
000100001
101001001
000111011
011100111
100110110
100111111
110101011

3
101
110
000

6
110011
110011
011111
101010
011001
011111

9
101000111
110010000
111101010
000100100
110011010
010100011
011110101
111101011
111110101

2
00
11

10
0100100010
0001000110
1000011100
1111010111
0100100101
1011010000
0001010001
1011000000
1100000111
0001011001

3
111
100
100

1
1

6
011101
011100
000011
110001
000100
100100

7
1010001
0110100
1101011
0111100
1111101
1110111
0001010

1
0

5
11001
01000
10110
01011
00000

3
100
011
001

5
10010
10101
10110
11010
11011

4
1011
1001
1011
0100

8
00001001
00010011
11000111
01001011
01011010
00110001
11111000
01101001

2
01
01

9
111010010
110100100
100011011
010101101
000110010
011001010
000000000
010001101
111100100

5
01010
10010
10010
01100
01000

6
110101
000000
101010
011111
100010
000001

10
1011010111
0100000010
0100110010
1100101011
0101000011
1101000101
0001111010
0100010101
0011001010
1111111000

1
0

5
00111
10010
00111
11001
11111

5
10101
01100
01001
00001
00000

8
01010011
11110011
11101011
10111001
00101101
00110100
10111001
01000111

9
111101000
101110011
110000111
101101111
011100111
011011000
110111011
101110101
110111101

6
110111
001000
110110
110010
011010
000100

7
0010001
1100001
1000011
0111011
0101011
1101000
1110000

6
010011
110010
011111
101000
100011
101011

9
011011111
111101010
100010110
010011000
000111100
010000001
111010000
010011100
111001100

9
110110100
110001111
001111101
100010011
101001011
100110011
011110000
101111111
001000110

1
0

10
0100110110
1001111011
1110000010
0100110111
0110010011
0100000000
1011110011
0101010010
0111101010
0011001010

4
0001
1010
0000
1110

2
01
11

8
00101101
00110101
01011100
01011000
01100011
00010010
11000001
01111111

6
011110
001111
001111
100110
001001
011011

6
101001
110000
010000
011100
111101
011011

8
10010010
11110111
10101000
10111110
01101111
10011011
01001000
01101100

7
0011111
0011001
0000100
1110100
1101010
0001111
1110111

3
000
111
001

2
11
10

1
0

3
001
011
110

4
0110
0111
0000
0111

8
00111001
11111110
00101011
00001100
01001111
10101101
00100110
11100100

7
0111011
1000011
0101110
1010000
1111000
1000100
0010110

7
1111000
1101110
0101000
0000101
1100110
0001110
0111111

4
0101
1110
0001
0011

2
11
10

4
0100
1001
1111
1001

8
10010001
11100111
01001111
10001100
10011000
10011111
00111110
00111110

1
0

10
0110111100
0101100110
1111001011
1111010000
0110011110
0001100000
1010011110
0011011111
0111100110
0011010110

3
111
001
011

5
01000
01100
01010
01000
00101

8
01001001
01100111
01001111
11111101
10100011
00101101
10111101
11110111

5
01010
11111
11000
00001
00110

2
00
01

10
1011011011
0000101011
0000000001
0110110110
1101011101
1000100110
0110000010
1110011011
0100110110
0101111101

7
1011101
1011100
0001101
1101011
0000111
0011101
0000100

4
1110
0000
1000
0111

8
10010110
00100001
00100000
11101110
10101100
00011010
01000010
00100001

3
100
001
010

6
011101
110001
000001
010111
101100
100110

9
010011101
111010011
011000101
110111011
101010100
111011101
011101110
011010011
101001101

5
10011
11011
00100
11101
00001

4
0001
1000
0111
0000

3
011
111
100

4
1000
0000
0011
0000

1
0

4
0110
1110
1101
1111

7
1111010
0001100
1111000
0101001
0111110
0101001
1100101

5
01101
11000
10110
11001
01000

4
1110
0101
1010
0101

6
011011
011000
001111
111010
111001
100001

6
111110
011110
101010
010100
010110
110001

10
0011110100
1011001101
0000010000
1010001000
1110011110
1011001001
1001101000
1011001001
1100101110
0101011010

2
01
00

9
011110001
101001010
101011110
111100111
001010111
101111000
000000010
011100011
100101010

8
11100100
10110111
10100011
11000011
00101010
10110110
00000110
01100101

5
01101
11110
01001
00011
00111

2
11
10

4
1011
0010
0100
0000

8
11011110
00000000
00000101
01101111
00000111
11101000
00010110
00010010

3
010
011
011

6
001001
100100
111011
011000
110001
010110

3
011
101
110

9
001010110
001110110
100000010
001010110
101010110
101011010
001101110
100001000
000101111

9
000001011
111110001
110100001
001101001
001001110
101111011
011110000
010001101
111110110

1
1

1
0

2
01
11

2
00
00

2
01
10

4
1011
1010
0010
0111

1
0

5
10001
10101
01111
11001
10011

6
001101
101010
011001
011111
110111
100101

6
010001
110011
010001
100111
001011
000001

2
11
01

1
0

3
001
001
110

2
11
01

8
11010010
01000101
11101101
10111100
11110100
00010100
10110011
01101001

3
001
011
000

7
1100011
0011111
1110110
0000010
1010111
1010110
0100011

5
11001
11011
10011
00101
11011

1
1

6
101011
001110
010001
111110
111010
011110

10
0100111000
0001111000
1011011010
1100111000
1010010110
0100100000
1011000110
1110001110
1011001101
1100110010

3
110
001
001

9
111110100
111011010
100111001
110110010
110000101
001101010
100010101
110000101
010110010

1
1

2
10
00

1
1

3
001
101
011

9
100011101
110010001
110100100
111001001
001001100
110011000
010111011
111001010
000010110

1
0

9
010110011
101100011
010000011
011011110
110011110
110001110
100011101
011010101
100011110

8
00110000
10111010
01111111
01010010
00001100
00111100
00100111
00010011

4
0100
0010
1011
1110

7
0001110
1111111
0000100
1101101
0110110
0100111
1010100

8
10110111
11001101
10110101
00011101
11001101
10010010
01010111
01010010

4
0000
0010
0001
0111

10
1101100101
0010111010
1111010100
0101101111
0001010101
0000101111
0101111001
1101001111
0111011101
1001111111

4
1010
1011
0001
1100

2
11
10

10
0010101110
0010100011
1110100001
0101010000
0001111010
0100011110
0001110010
1011000110
0000100101
1011111010

9
101011011
011011010
110001010
110000101
100001101
111010011
111100111
111100001
110110000

9
111010010
101100000
011110111
111101001
000001001
011100011
000010001
101010100
011000111

7
1111011
1100111
1000101
1011001
0001110
1010110
1001101

8
11001100
01110110
00100100
01100101
10011100
11011101
00001000
00111001

1
0

10
0011011110
1101011100
0011101100
0000010010
1101010000
1010111101
0011111101
1100100010
0011011001
0010101010

4
1100
0010
1101
1100

10
0000011001
0110010111
0001011000
1010100001
1111000011
0000000100
0110110100
0011110011
0111111011
1101110010

2
00
11

7
0001110
1100110
0100101
1101101
1001001
0001100
1000001

3
110
000
011

4
0111
0101
1111
1010

5
00100
00000
00100
01110
01110

7
0100000
1011010
1110110
1101110
0100110
1111000
1001101

1
0

4
1100
0111
1010
1011

5
01000
01100
01111
10111
11111

7
0010101
0101111
0010011
1110110
0100010
1100011
1110001

6
010000
100110
001001
110100
100100
101111

3
011
101
000

5
01001
11010
01010
00000
01011

8
11001000
11110111
00011000
10100000
10000001
11001010
00011010
11000010

2
00
00

10
1111111010
1001001000
0111100100
0111011101
0101000101
1011110101
1100110101
1111011010
1101111011
0110111101

3
111
101
001

10
1011010000
1001111010
1110111010
1010100010
1101111011
1010001000
0000010110
1100101011
0011010100
0101101100

3
010
001
001

9
100001000
100011010
010001100
001001100
111011110
100111000
100101101
100001001
110111110

7
0110011
0011011
1010111
1100101
0011010
1100000
0111100

3
010
111
000

6
110001
011000
001010
010100
001001
000010

3
110
100
111

8
01111101
01101011
10011001
11101000
10001110
10001111
00101011
11101111

10
1010010001
1110101101
1001001101
1110110111
1111100110
1111101100
1000110101
0110011001
1010010001
0100011111

3
010
111
001

1
0

10
0011110001
1101011001
0011001001
1110111011
1110100000
0100010000
0101100000
1101001100
1110001011
1010011110

7
0011101
0101011
1000110
0011010
0100010
0100010
1100010

9
100001100
000101101
101110100
001110101
010000111
101010011
010111101
001100101
110010001

1
0

9
101101111
001110001
111101110
011110111
100000010
111001010
100001000
000100101
100010001

4
1110
0010
0001
1100

5
11101
01111
11100
10110
10011

1
1

4
1100
1000
1101
0100

4
0101
1000
1111
0110

10
0011111001
0010000111
1110101111
1011101101
0110111110
1000101011
1011101100
0000001111
0010000000
1110011110

2
10
01

2
01
10

1
0

7
0001001
1001010
1010000
0110111
1111110
0000111
0000101

8
01110111
11100101
01110111
10000011
01100000
01110011
11100100
00001010

10
1101110010
1100010000
0101011001
1111111011
1101011110
0011000010
1100111100
0111101011
1011010011
1011110111

10
0111001010
1000101010
0010110101
1010111100
1100010111
1010100011
1111010000
0100010000
1010101011
1111011100

10
1101101001
1001110011
1011111000
0100010010
0100011000
1001100001
0001100110
0101010111
0001111111
1011110111

4
1011
1101
0111
1011

5
11100
01011
10100
10001
00111

8
01101011
00110000
11111110
10010000
01101001
00010001
00001000
11001111

9
011111110
101101100
100110000
010000101
001110011
110100000
010000111
110010011
001100101

3
100
100
011

7
0000111
1101000
1100011
1110111
1011000
1011110
1111101

5
11010
11111
11101
00111
01010

4
1000
1100
1011
0100

10
0110000010
0011001100
1110000000
0001110101
1000111000
0011000111
0110010110
0000011111
1011101101
0011111110

10
0110001101
0010100000
0111101010
0100001010
0110011101
1110111011
1011001110
1011111000
1100110111
1111101111

4
0000
0001
1110
0010

5
00001
10010
10101
00001
01100

9
110001001
000011100
110101001
111010101
001110011
001001000
111001110
111100010
011000110

1
1

8
01110011
00111010
10010001
10001110
11000101
00000011
00100011
10011101

8
01010010
00111100
00100001
01011101
10000000
10101001
01011010
11001010

1
1

4
0001
1110
0100
0100

7
1111100
0011110
1011010
0101100
0111000
1010101
0000110

1
1

1
1

2
00
10

4
1101
1110
0110
1011

6
110010
100111
000001
100001
100001
100110

8
00101110
10110001
00101110
00101010
10001001
01110111
00011011
01000001

1
1

7
0110110
1111011
1101001
1001011
0001111
0011100
1001100

1
1

3
110
101
110

5
10000
10000
00101
11111
01010

4
0110
0110
0111
1100

5
01101
00011
01011
01000
00100

1
1

10
0000101001
0011001010
0001001111
0010100001
0000101001
0001000010
1101000100
0110001010
0110110110
0110011011

10
0011111001
1111101010
1101011111
0000110001
1111000110
0011100110
0000000101
1100001011
0100011000
0111011111

8
00001101
01010110
00000101
11011000
11111010
00011001
00011111
11101010

3
101
001
001

5
11110
11010
11001
11000
11101

6
111110
101110
001011
011011
001001
000011

4
1001
0000
0110
0110

4
1101
1101
0001
1110

7
1010010
1101110
1111011
0111111
1000100
1111111
0101110

8
10100011
11000000
01000100
00011010
01111001
01100000
10100101
01010010

5
01101
00101
01111
10011
11111

6
000010
110110
101010
010110
110111
110011

4
0011
0110
0110
0001

8
11000101
01100010
10010000
01111011
01010100
10110110
11111000
01010101

1
0

4
0010
0011
0001
1011

8
11000001
01110001
10001100
00111000
11000010
10110000
10010101
10011010

4
1111
1010
1000
0111

3
101
100
101

6
110011
101000
010101
110110
100000
100010

7
0101010
0011111
0110110
0100110
0110001
0011100
1110110

6
101110
011010
111100
011100
011100
000011

1
0

6
000101
000110
010101
011111
100010
000111

10
1101101111
1000100011
1100100000
1101111010
0000011010
1101001000
1000000010
0011000000
1000101011
1101011110

1
0

7
1010101
1001001
0101111
0100111
0010111
1111011
0000010

8
00000100
00111100
00011111
01101010
01000000
00000010
11010011
11000001

8
11100001
10000111
10100011
11111111
10001010
11110100
11111001
11100001

7
0010010
0101011
0010010
1000001
0111100
1000101
0001001

6
101110
101011
110001
100011
010000
111111

8
11010111
01111011
11011000
10011001
01010111
11000000
11111101
00111001

4
1101
0011
1001
1000

10
0101101100
1001011010
1111100000
1101001100
1101111001
0100000000
0001111000
0111111010
0011100111
1111000001

1
1

10
0100010101
0011000110
1011101000
0111000001
1000000000
1100011000
0001110101
0110000100
0110110111
0101010011

9
011000111
100100100
010111101
100010011
100110111
010111111
110101101
111001010
101000100

9
011101011
000011010
011101000
100100110
000100101
110000000
010100001
001100110
100101001

10
0101010101
0000000110
1001101101
1000011001
0101110001
1100111011
1011110101
0010011010
0011100001
1110100010

4
1101
0111
1000
0001

2
01
01

1
0

4
0101
0001
0110
0110

7
1100101
0100001
1010000
1010001
0111101
0111011
1001111

10
0110011101
1100001001
1100110001
1000111000
0100110010
0100010011
0001011111
1111010100
1100010010
1010010101

1
0

2
00
01

7
1101010
1010101
0111111
0110010
0010101
0000111
0100000

7
1001001
0000001
0000110
1010000
0100000
0100111
1010010

8
11000101
01000110
01101001
00010110
11011101
00111001
11010111
11101101

8
11110010
01110100
10100001
11110000
10011011
01001101
00001100
00011011

5
11001
11110
00011
11111
01110

3
111
111
000

4
1111
1101
0110
1101

9
101011111
111010101
000000110
110001110
001101000
111010001
111110111
011000010
110111101

3
110
110
110

5
00100
00111
11001
10001
10010

6
110101
111011
001101
010000
111010
000100

3
011
110
001

5
01110
10010
11000
11010
00100

10
1010100101
1011000110
1111010110
1100100110
1101001100
1010110110
0100010100
1100111001
1100000011
1101100010

4
1110
1000
0110
1101

8
11110000
00111000
00010001
01101100
10011001
00001110
01110000
01111110

8
01101110
01011001
10011111
10100111
00110011
01010010
00100111
01010100

1
1

2
01
01

3
111
101
000

7
0101001
1101011
1010010
0110000
1010011
1001111
1011111

10
1111000110
0100101011
1101101010
1010100110
1000011100
0111000111
0100010111
1000000101
0100011111
0100100001

1
0

1
0

1
1

4
0000
0110
1011
0100

5
00111
11001
10110
11110
01110

6
001100
000101
010101
001000
110110
001101

9
011010100
110010001
101100010
101111011
111001111
010100011
001011100
110101110
011011111

6
011000
001111
111011
001001
001001
111000

4
0101
0100
1100
0011

10
0000100001
0100001011
1000001010
0111111001
0010110101
1111111011
0000000100
1101010110
1100000000
0110010110

5
11101
11001
01011
11001
10011

7
1101101
0000100
1000010
1101000
1001001
0000011
0100010

6
011111
111100
010111
011000
000000
101100

10
0000111101
1010001101
1101001001
0111011001
1010111010
1010110000
0111110000
1001010011
0001101100
0111001011

8
10111010
10000001
11100000
10101100
11101110
11100011
11111010
00010101

4
1100
1000
1110
0001

2
00
10

9
111101010
001101110
110110111
010001000
101101101
001100110
001000010
000110101
110100110

8
10110100
01110100
11101001
10000100
10110110
11100110
00001000
11011111

2
01
11

10
1100010000
1001000100
1111110011
0000101101
1110100001
0010101110
1111100011
0000110110
0101001111
1100101011

5
00010
01000
11001
10010
00100

9
011110101
101011111
110100001
100001000
010111000
000011011
001011000
001100001
101110011

3
110
111
000

2
00
01

2
01
01

1
0

10
0111000011
1110010001
0010011010
1111110000
1010101100
0101011001
1111100111
0101011101
1111101111
1101100010

10
0110001101
0011011000
1110110010
1000001010
1100001000
0000011001
1111000010
1001001101
1100100111
1000111110

9
001100101
110000010
101011000
010011010
000111110
100111000
010011000
010111000
010111010

8
01100011
11111001
00101101
10010101
10000000
11100101
01001111
10001110

1
0

10
1101111001
0000001000
1011110001
1010110010
1101000001
1010110101
1110011011
0011001100
0011110111
1111010100

9
001101010
001011011
100000111
011110101
101000010
000001110
101011011
101001000
000100110

5
01010
10000
01110
10010
00000

4
0100
1111
0111
0011

2
11
00

1
0

9
011000100
010100010
111011001
111100101
000010011
011101101
110110001
111100101
011001011

2
01
00

7
1111100
0011001
1000101
1111000
0110111
1010101
1101010

6
001001
010101
101111
101100
101010
101000

2
10
00

9
100100011
101011100
100010100
010110100
001110011
010010111
001111101
110000001
101011110

3
001
111
100

1
1

9
011110001
001000101
101001101
001101111
010000101
000001010
011100011
000011110
001100111

8
00110001
00101010
10100100
01110110
10001110
10101011
11000011
00101100

2
00
01

8
11001110
10001010
00110011
10000111
01000101
01100111
00110010
00001000

8
10110101
01010110
10001101
11011000
01100101
11011000
01001100
00011111

10
0110010101
0011011011
0010101011
0111000011
1011011100
1110110100
1010110001
0011110101
1111000000
0011000011

3
011
010
010

5
01000
11001
11001
10101
00110

8
00010111
01101000
10100010
01111010
01100110
10010001
00111010
00011101

6
001111
110101
101100
001001
100110
010000

6
110111
100001
000111
001010
100100
101110

5
00000
00100
10010
00111
01101

10
1011011011
1101000000
1101011010
1101001100
0010011100
1011000100
0101100100
0111000011
0000101101
0001101010

4
0110
1111
0000
0110

2
10
01

8
01000011
10111000
00110010
00100011
00000011
01011011
10010101
01011001

7
1001001
1111010
0010001
0010100
0011100
1001010
0110010

4
1010
0101
0010
1101

6
000100
101101
011001
001100
001101
101001

4
0110
0000
0111
0101

10
1010001110
0010000111
0001000011
1010110000
1100000000
1110011001
0111100101
1010110001
0111000101
0101000101

4
0110
1100
0101
1010

2
11
11

3
110
101
110

3
010
100
100

9
101010001
010001000
101000001
010011101
000111001
110011001
011110100
011000110
000000111

7
1000001
0001110
1001001
0100111
0000010
0100010
0001101

1
0

7
1011000
1111010
1010001
1001101
0001000
0101101
0001101

2
00
01

10
1100010000
0110110111
1101101010
1000101111
1101001011
0111110101
0010010010
0101001010
1100111100
1101111110

9
110110101
010010011
001001111
111100111
100101101
010001001
110011101
110011001
101101000

1
1

8
11111010
11110010
10111011
11111011
10010111
11010110
10011101
00100000

8
00001011
10110000
00010010
11111110
10100011
11101001
00001100
10001011

10
0100100101
0100000101
0011011100
0000000100
0010001000
1110011110
0110000001
1000110000
1111001100
1010101000

8
10011010
11000100
11011000
11001010
10000101
00101011
01010110
00011000

1
0

1
0

4
1000
1100
1010
0010

5
11011
11010
11111
00000
10011

8
11100001
10111101
01110100
00100010
10010100
11001010
11000101
11001011

5
01111
00001
00000
00100
00001

10
1010001011
1100101001
0110000100
0010100010
0011011001
1100111000
1000101001
0001001001
0111000011
0001001110

6
110101
000001
110000
110000
110010
001010

10
1000100100
0001111111
0011000111
0101101001
1101011000
1010111101
0110110101
1010111001
1110111110
0110111000

5
10101
10010
10101
11010
01101

6
111010
110111
001000
010111
011110
111001

