1
23
11011001100101000100110
11001101010110101010110
10111101110111011000011
11100110010010010101001
11001101110100100100010
00010010101111011110111
10100010110100101010101
01010110110111001001101
10001111010001000000010
10110100100000110000011
00011011100000011000110
01010011110100010010000
00011100000000011100101
01010100001001100100100
10101000111010011001001
00000001101101000011001
01100111010001010111110
00001001100000101010011
10100000111110010100001
00110001000011110000011
01001101000110101111111
11111101110101010101001
01111110110101111100000

